class Solution {
    public boolean canThreePartsEqualSum(int[] A) {
        int[] sumArr = new int[A.length];
        int sum = 0;
        for (int i = 0; i < A.length; i++) {
            sum += A[i];
            sumArr[i] = sum;
        }

        for (int i = 0; i < A.length; i++) {
            for (int j = i + 2; j < A.length; j++) {
                int leftSum = sumArr[i];
                int midSum = sumArr[j - 1] - leftSum;
                int rightSum = sumArr[A.length - 1] - sumArr[j - 1];
                if (leftSum == midSum && midSum == rightSum) {
                    return true;
                }
            }
        }

        return false;
    }
}

//runtime:N/A
//memory:N/A
//total_testcases:55
//total_correct:54
//input_formatted:
//expected_output:
//code_output:null
//runtime_error:null
//last_testcase:[638,6725,-6900,4282,-2083,1382,-1338,-2433,197,5608,-5924,5901,3587,-3652,988,-4301,2626,-452,2484,69,2478,-1261,-3017,-3912,5432,-3394,-315,1549,2470,-629,52,-1275,-1655,3897,-6605,-1197,3240,-1250,7286,-2227,-5155,-1776,3681,2238,-3083,5280,-731,-7333,5941,-5440,1827,3032,730,-5875,3593,3346,-7266,5987,-2234,-1671,1334,-1515,4787,394,1736,346,478,-4546,-645,-3090,7385,-6395,5972,-617,1828,-5304,714,1366,3078,-247,-3285,-5372,7010,-7041,7628,-3653,3833,-4058,5255,-4988,1974,-1424,-3212,2707,1192,72,632,2806,-7567,2940,2873,-369,-6830,7788,-611,-6388,2688,-159,-1135,4382,1856,-3920,2704,-5492,2523,-2701,3040,-3090,7981,-1777,1615,-8280,2911,-3583,928,5271,-5222,1256,4724,-2808,2361,2609,152,-7122,1214,4427,-1632,-3032,2653,-4869,7045,-8227,1040,3897,-5350,3712,-2170,7251,-3611,4784,-1692,-6054,3828,-5994,1690,7461,-1024,-7672,4318,-2572,5232,123,-6056,261,7177,-2650,-931,-2271,-1734,6327,-3426,3929,-4547,-2058,716,6753,-1168,-3342,-3795,5543,-5020,189,1008,2417,3870,-2247,-898,2644,808,437,-8759,258,4621,-1944,416,4062,-2576,2073,-1794,-58,-3620,980,3789,-4770,-236,4461,-1711,125,-4345,1347,5761,1062,-609,-2125,523,-5911,3381,-751,-2781,4323,4409,-2775,-282,-5983,194,3383,4920,854,-8465,7285,-2977,-632,3721,-2541,971,-3406,4954,-7283,3961,-1773,2975,908,-5208,-1111,966,911,-1334,2686,2754,-521,712,-274,-2800,-3563,9561,-7403,6218,-6768,3893,-1823,2018,-1173,-4840,8182,-6112,4214,-5497,4702,-5394,7436,769,-7090,655,7028,-336,-5486,1218,-1322,-14,1837,5097,-7034,2969,-4337,-1242,7720,-7555,1798,-1858,6389,-1379,565,-2546,454,-543,-1964,1933,395,-514,-1038,6410,-656,-6844,8620,-8510,7401,-4658,-296,-1747,3752,3000,-3944,-669,2442,-3726,6484,-4528,-4407,3119,-12,4801,-6960,2316,-768,81,-1869,7894,-7102,5014,-4915,3496,-2885,2429,-1734,2980,3054,-579,-1365,-4445,1221,-1125,5390,1664,-2710,-2752,1776,1857,-2751,4309,-2421,-6238,4457,-5146,2327,369,3325,2529,-2844,1258,1854,439,-6165,-2397,4055,240,-616,1246,421,-3113,-3232,3155,-2068,5933,756,-2752,-178,3013,-3092,4447,-4598,5055,-1987,-4991,2173,238,-5015,8162,-4895,4826,-408,-2964,920,1623,1002,-4418,-2052,7043,-8814,2914,6818,-2482,-1377,404,-1880,-2016,356,-977,4530,418,2005,-4098,-4429,7771,204,-4576,5310,-731,224,-1148,-4276,-3068,8884,-5554,-2145,181,-870,5645,356,-4515,1398,-675,785,2954,-6056,4587,-4755,3237,390,3623,-520,817,1037,-4979,972,963,1559,-6936,2238,-79,4908,-3742,2965,-2257,2740,-2263,-3585,2005,5211,-6636,2717,-1054,-2524,6734,-4209,-45,4110,-2721,564,2728,-1796,-543,-4369,122,5680,-4002,4795,-4963,858,1482,1093,-1060,-1404,-3886,9057,-5631,-189,-3370,4419,-2372,7432,-1007,726,-1862,-4535,1323,488,3710,-1052,-5459,1201,5431,-1172,-5994,4797,-3710,1007,2538,-3317,2755,-907,-1224,2311,-1660,-586,1204,5090,-1977,-3855,6059,-626,-4899,-3388,5953,-6879,4668,-678,-264,6063,-2970,-4516,5786,-2377,-852,-2354,2153,-1661,1678,4230,-2805,-1867,661,177,-1081,348,335,2431,-2390,848,3829,-1424,-7208,391,117,8398,-5542,5755,-3910,-4683,7297,-7201,4492,-5248,4723,-1745,2244,-1366,-4303,9014,-3369,-4892,5754,1649,-6245,4870,-4253,69,5315,1550,-5315,23,4009,-5170,-2268,329,-518,-109,3237,3677,-785,122,-4331,206,4302,-5046,-1273,-116,8460,-7430,1483,-2248,3775,1226,-1865,-3721,-331,8055,-709,-5901,7558,-1266,-4597,695,1141,1821,-2804,5671,-1069,-6666,3640,-3051,4201,-5214,3949,-2940,5568,-1611,-1612,3517,-6361,5877,-7525,-213,2811,4436,-6544,1539,-1455,2158,2510,-2892,5104,-1861,-2966,6572,-1429,-314,-4051,-3628,3618,-2982,1014,2852,-964,-2192,4436,3343,386,-9271,4469,-1811,6675,-6331,2012,-1549,4842,-5444,-776,-2281,3896,5166,-8535,2973,-3022,6852,-4935,-811,7015,-3896,4668,-1170,-5146,2119,1127,-2235,-1541,5792,-4533,-2111,1428,-159,4137,-2612,322,4260,-3154,-4574,3668,2952,641,-3558,-4790,4102,4535,-6399,-2066,7640,-6085,2566,4300,-9037,821,6676,279,941,-2507,-4646,5937,102,-4770,3821,-3577,2171,-1335,5078,-3631,-1503,3318,-258,-889,-1899,-3345,8243,-3043,-2680,-762,-2005,7222,-4380,3125,1279,1892,-8106,3711,4662,-2206,-3696,2999,-1819,-307,4454,-1482,-5760,-452,654,3380,445,-6049,8787,-5794,-2560,2070,-458,2231,-2550,5324,-5293,8016,-7528,534,-92,3015,-4912,7156,798,-3567,-1022,-2212,6311,572,-6532,-1784,2757,-793,1657,4234,-3452,-4319,4965,3186,-3246,4100,-225,-73,-7827,3941,-3646,1147,4082,-6068,6555,290,-3462,1777,3323,-8314,4757,977,1443,-4939,381,1433,4178,-4937,-2216,3555,-2964,-2553,-248,182,263,29,4776,2689,-6722,2740,-751,687,4761,-3625,-3703,-1312,1142,1453,6824,-7011,3347,-1226,4465,-6836,-1630,5791,-5795,-285,7267,-990,-1905,-3716,8170,-659,-1702,-4556,7579,-9418,-210,2182,3909,3152,-6786,-1543,6425,-6298,4001,215,-5323,6377,-6209,7647,-762,593,-5133,-198,1348,3267,818,1108,-6102,1711,-1152,-3181,444,6124,2025,-326,0,-4194,3861,-6853,5881,-3147,-246,786,-4434,6423,116,-3549,597,5785,-2831,-1615,-4977,8332,-7230,4532,639,-2408,1748,-5709,5843,-3340,4507,-195,-5602,3361,-141,-1011,1001,3180,-5393,65,2797,908,-799,-533,-1101,2271,873,-4179,5601,1705,-9180,8111,-7756,7735,-1717,2347,-1039,1548,-9163,3148,4052,-5576,-2294,6512,1710,1618,-8693,5985,-1588,541,2832,-6658,2898,-3240,-1448,2744,2419,-2975,6517,-2277,2533,31,-5876,58,-1340,-2064,7950,-4529,-3619,22,52,9420,-6548,3810,-5844,5916,-4489,5392,-6925,958,6234,-8133,6288,-2028,2814,-1866,-3567,166,8101,-7356,-166,-1005,603,4136,1768,776,-7172,1254,-1189,2713,2827,-5047,4906,-6795,5676,3443,-111,-4214,3528,-4619,3473,180,1258,-3217,-3431,-738,6984,-3105,2040,-307,-2604,5527,-9431,1394,2108,-1033,3484,3109,-7174,6986,-2909,453,-4423,-1852,4688,3179,-1150,-1780,-4662,7979,-4486,3800,841,-1804,1534,-6306,-145,1075,4373,-6666,2461,5283,-3555,2393,-6296,8001,-1157,-7888,4191,883,-4841,6266,2944,-9505,6972,-2916,-4220,3052,-1236,7345,-5549,-766,6825,-4631,-4251,2203,5886,-8265,5159,-2707,3344,-2265,-1721,-2263,-12,255,433,8177,334,-4228,1161,985,-7192,6219,1305,-5330,3050,4249,-6302,-1459,7258,-8836,1941,7625,-5595,-3153,7780,-4458,-2075,5000,-3137,-1519,-1848,7096,-5277,-1752,1031,7833,-9317,2078,4265,-3515,4993,1298,-5116,-542,5176,-1074,-6659,6560,-4682,2736,-5237,4692,-4512,6826,1042,-1462,-4762,-1854,1027,3488,115,-4112,7127,-7844,2136,-350,3123,74,4365,-5891,5636,-7611,-599,6802,-1771,-2778,4947,-2484,-144,-2774,3242,-2981,-1359,6258,-3203,4648,-339,-1761,963,-81,-1817,-1876,-494,-2612,3483,-768,232,2453,828,-51,-1624,-2548,-294,-2706,1407,3988,-1515,4074,-1120,1145,-2634,1809,1450,-9002,4850,-5109,6506,-1555,6,-613,4990,-4459,1036,-190,3786,-136,-2662,-548,-5320,5062,-5849,1772,3043,-2992,2398,1919,-5813,191,-423,2293,-493,5892,-489,-7267,6931,-2918,-3420,6195,-2651,-535,-609,5883,-5625,4974,-4926,-1421,1632,2443,-2326,1944,1432,-4065,-1020,4803,-6468,8955,-3807,1902,1284,-5080,2252,-5886,4656,-2046,5115,-7661,8539,-2860,-3099,-383,544,3629,3019,-8861,4889,415,-3944,-1363,5776,3176,-1136,-1252,-514,1960,-913,-27,-600,2367,-6856,4395,-2414,-1093,294,3302,-6916,311,1691,-718,2058,1201,1294,1513,-2894,556,652,3793,-4813,4748,-1033,-2120,-1747,-2407,6595,-6211,-2735,2109,852,-762,400,1919,3033,-7583,3624,-2773,8788,-2583,-6035,1871,4801,-5626,4374,-5960,8661,-3281,1870,-3766,-3104,4210,-972,-908,-905,4025,-3008,553,-362,6420,51,-6244,320,4352,-5683,5036,-959,-2126,-218,-3784,7522,-6566,2014,-1636,7812,-6646,4685,-5181,6671,-7750,6107,490,-7941,3870,-2878,1419,-2493,7798,-7851,5930,1079,-3002,-1684,5981,-7744,7501,-8076,5006,1836,-1246,-3660,-1616,3434,-1525,1419,1773,-2734,2270,-310,2812,1600,-7117,6459,-980,-5789,-1166,7629,-700,1780,-1464,-5421,-2050,6136,-4297,1683,4779,-3681,2420,-4523,2361,2230,596,-3791,2129,-1905,-2655,636,3476,1877,-3762,2285,-3941,3304,1462,-5992,4170,-2797,469,2730,1789,-1850,-1595,1600,-2309,-3043,4512,-2410,4358,-3746,1425,-1757,-2253,2354,-1372,2027,215,2281,-156,2900,-8473,2256,4114,3384,-6916,1431,1251,1793,-3591,420,-13,4196,-1642,-2925,-3129,782,-1236,8978,-8851,6619,2463,-4739,1011,-932,-384,-4328,474,997,8033,-8541,2665,1869,1296,2316,-9260,1523,5804,-2921,284,1066,-977,1306,3317,-535,-416,-7232,2781,-1493,-597,-1711,4620,3615,1405,-751,-7089,3738,3270,-5156,2699,-5563,439,-1104,384,4464,-4907,3523,3556,-4285,1853,4085,-435,-7203,3904,3194,-6421,-1273,5960,298,-6835,7536,-82,-127,1536,520,-7961,8253,-3928,2816,-3865,3838,-1171,1319,-8046,8986,-9865,1009,-342,4899,-2629,-1169,1695,-2628,7845,-6428,3883,-1949,2364,-3579,-693,6251,1317,-1259,-3468,282,-892,711,-3483,6300,-7401,2112,1583,2339,-3196,-766,7054,-2632,-1285,127,-1038,-2896,128,7004,-518,-8680,8562,-5039,315,2498,-1072,4680,-9052,9006,-1060,-7295,4197,3852,-8932,4098,-4754,362,6524,2768,-2351,-2749,-525,-1064,4624,-5180,1543,5643,-5351,2480,1156,-4458,5302,-8216,8827,-80,-7973,8016,-2344,-3619,-1813,4838,-4453,1015,4612,-7241,8039,-4393,611,2321,-5786,110,682,5387,-5993,619,7699,-914,-46,1,-4893,-3660,6398,-5348,7925,221,-6348,-942,2961,4850,-1561,-1761,-4973,2028,2659,-6014,8746,-1437,-2117,-5361,316,1584,6946,-8028,3772,-4204,2286,5511,-3474,-835,-2099,1549,4974,-297,-3084,-2109,6199,-5750,-786,-1635,4024,1816,-4537,6862,-5258,660,886,-1617,5424,-8756,3860,2050,1228,-5380,-494,5489,1626,1079,-3679,617,2853,-8728,7785,-7685,1293,-161,-2080,2791,3212,-855,-120,-917,-3981,1270,5463,-3153,-2899,7025,-3493,2556,-4836,4448,-4285,-484,1366,2168,-1949,-440,463,2448,-4926,3347,4589,-1302,-5094,6657,-4782,-892,5557,-8638,9036,-2632,-5139,6765,1392,-653,-6420,6292,-4100,-3390,7107,-5914,855,-2137,7236,-2865,-2497,1474,-1255,6057,-9182,5623,-447,3142,-7819,4505,-2739,1991,-977,3506,729,975,-4392,3985,-6614,4213,-4743,4326,1201,-3925,-20,-1933,3018,4850,-4613,-3636,7141,-4496,773,1597,-4316,-431,5778,-991,-4237,-972,7060,2199,-1097,-144,-3006,-1480,-216,-1317,-119,1208,5536,-8111,8796,-8247,1288,5870,-3982,-872,-3652,6942,769,2133,-6864,3912,-571,-619,64,789,1323,-5358,1882,-681,368,5672,-3217,-2307,-4130,5584,-5038,3882,-2414,3934,-2117,1057,-618,4617,-3483,-1425,102,-2268,3792,-3549,-819,5160,-6199,3996,2040,-5157,6246,2179,-8431,1513,-936,6783,-1496,-5616,-345,8588,-2595,-3184,4924,-1216,780,-5619,2057,-893,2516,-3624,6607,-5990,5693,-19,-2699,-4212,-1960,4725,3633,-6049,245,-2895,1968,-832,-408,6941,-5059,425,-149,-287,-264,1444,2171,-1234,-4388,6432,-4762,3397,4435,-4943,-4448,5537,-1529,1703,805,-3976,1008,4766,-6909,4556,1939,-4512,3438,-2103,-618,-760,6167,-2490,-701,-2360,2896,-3659,4164,243,-3973,5212,-6861,6873,-3655,1790,1281,-2104,999,-1478,1284,-5299,7663,-619,-7830,-688,1645,7231,-4641,-1661,-2718,928,-472,7823,-7521,4160,-433,-3932,8623,-3274,1650,121,-7708,647,-402,8711,-3198,-4953,6184,176,1685,-1396,-5939,5454,-4340,661,-3140,4740,-746,-381,4672,-8900,6182,-5831,7554,-4557,-2804,7953,-69,-4514,3899,603,-3730,-3563,6116,-5881,4582,-5737,4704,2517,-847,-1862,-4615,5581,-4130,4354,-4100,2268,-3302,345,317,7461,-84,-2314,-5550,613,7896,-480,-3122,-1187,2565,-2239,-526,-2367,2906,-4736,9700,-9491,7166,1298,-3582,2294,-5064,3210,2148,-7474,4342,1323,3300,-3102,907,-1526,-4092,8014,-1460,-4506,-3281,-371,797,7700,1082,-5370,-2597,219,5857,-2173,-1169,5361,-2478,2219,-3846,1715,-5361,7794,-4509,-384,-2103,5859,-8021,8881,-4210,2763,-4747,4244,-2267,-4051,4395,-2452,-742,464,4041,-5720,3499,2630,235,-5404,-1956,1412,4604,-1831,1949,-1212,4059,-5406,1194,1091,680,-4563,3054,-1789,4201,-3656,-2841,3633,-1556,3497,-3268,-2100,8371,-2364,1209,-2978,-3838,-1305,8194,-6713,7354,-4842,2545,-6020,7565,-7157,-578,5174,1542,-1162,98,3134,-1527,-3023,2046,2393,362,-6719,-1632,3444,-4309,8123,-846,-3511,2657,-7048,9360,-3442,637,-1016,-4588,5543,687,-4491,1946,3065,-3057,4016,-6873,5409,1936,-8466,1248,2862,-4045,574,-423,1930,1290,762,2608,2233,-2600,-2932,-3391,7377,-5128,-1653,6204,-138,-1156,-3387,4010,2366,-6386,7063,-8800,8067,-3054,3271,-4679,1972,-921,136,-5438,1101,3227,3961,506,-7930,1958,-2396,766,4250,-1669,-1629,-576,-513,197,2332,539,-1611,5063,-2377,-4568,7806,29,-2460,-3003,-601,6663,-4386,-3732,7611,-6519,4326,-3426,3140,919,-6915,6835,-7350,2565,-425,-388,-896,5854,-1063,-122,3671,-2063,-3463,1351,-2363,4566,2484,-143,-5785,330,-1993,7763,-1272,-1585,-2757,948,-1875,2106,-2959,6070,-4716,5890,-4532,-290,-3949,1590,5789,-8204,1077,6275,-7027,4184,-3674,-532,5728,-1942,-1157,-258,-1721,3548,-3295,7651,-2697,-4424,5367,-626,264,1948,-6731,2760,722,-860,198,-1362,5536,-741,1416,-3280,-4978,882,6447,-645,-8203,850,2545,-528,-2178,967,4952,-398,-1040,2132,-648,1959,-402,-599,-1165,1515,-5720,4193,-3586,3623,480,-6816,7087,1816,-992,-7949,5266,222,-4817,-367,7103,-192,-3690,3848,-1439,2894,-7946,3362,3189,1164,-1546,-6507,1429,7744,-3369,3133,-1302,-2021,-1405,-3831,7308,-2787,4232,-2626,-6381,-253,9267,-5227,2323,-5086,1918,1448,4189,-2355,2150,-2974,-4293,6775,-6193,994,4810,-5348,-1049,-541,6406,-329,-2181,-1699,5140,-5014,1281,1442,167,-5244,5282,-3343,6027,-8408,2237,2369,-708,-1351,5890,-8391,717,-1426,3606,298,-1798,1296,5915,-5792,-34,-2423,-1116,7518,-219,-4797,-1035,-1665,208,7906,-4006,4609,-186,-2203,1837,-820,-4164,-793,3244,-3698,3667,1390,-338,-2914,3380,-6232,271,3682,2410,-2970,5445,-141,20,-2033,-5609,5034,-3294,5201,-3666,4541,-9582,4391,1080,-2277,-3360,966,4450,-3971,6557,1401,-347,-2478,2129,-8562,7106,-6141,1504,-1643,-314,-628,7572,-3037,1106,-1432,-2254,-391,4687,1297,-5052,1948,-3330,1694,-2861,7026,-5993,1855,-1332,414,2058,-2673,-645,-197,1250,5847,1770,-5214,675,-1560,766,5471,-7473,5985,-1714,-3002,-2682,-533,220,715,3783,-1177,-1422,4623,-6721,6092,101,1706,500,-1291,-783,1671,1084,-1458,-5963,475,-120,-1227,2801,-1082,-2659,5182,-2102,-708,216,4947,-2465,-373,-3629,8230,-3272,-2486,-1231,474,3029,372,976,-6497,683,-488,3030,5779,-4390,-4651,5012,-5446,9261,-6713,2899,4278,-4254,3861,-7575,3970,-4496,2187,3539,-4150,826,3350,-4688,4660,877,-7277,4308,-3818,968,-719,8096,-5222,-3584,8788,-3378,-4716,775,2092,1416,2180,-7448,7950,1155,-5194,2420,422,-3644,5969,-7221,-1966,2916,-2108,1778,-176,4379,-2055,-2905,6828,-5171,-1701,-2082,533,3779,-2317,1681,2841,-3997,-1734,7539,-3630,905,-711,1223,2945,-4820,4392,-6227,-2346,6586,370,-412,-1713,-765,1029,-4914,9344,-9502,6754,-1531,-1725,396,1556,3090,-4071,-1288,4445,-7124,1198,7054,-7197,5446,-3274,-2530,1395,4294,214,-5668,7186,-2953,-675,3103,-5769,3406,-2773,-2702,8733,-6125,3080,1613,-86,7,-5274,2038,517,-10,-3613,952,2331,-4081,7621,-4490,2070,-3747,1892,5503,-8280,7953,-3098,-3450,2301,5223,-4,-8749,878,-1379,710,3744,976,-4190,320,-1149,3111,1056,1314,-5661,6136,1088,-5643,5484,-5402,232,864,-3386,8254,-5532,3407,3328,-7575,-310,-1542,2038,1021,554,-3842,2575,4159,-1195,-1142,1404,-5158,7177,-695,-3249,4409,-5942,6746,-1260,1654,-3094,-1023,760,-808,-4187,5223,770,-4098,2781,-4862,2382,2671,213,-2578,4157,703,-8097,1454,7677,-3715,-5223,5908,1423,-4063,4919,-1739,-1065,-4903,3994,-1849,1626,4240,-8618,2789,-1622,-671,6742,-7588,148,9574,-8257,3444,-4957,4253,-3978,7842,-4853,3314,217,-465,-1263,1200,623,-6472,7841,-5147,3408,223,-5902,1994,3931,-2075,-3235,2757,2277,1463,-6037,-493,62,8036,191,-4296,1414,-1783,3740,-3980,-4328,3611,-4020,7435,-1543,-1646,3313,-401,1249,-697,-4885,4218,-5656,2804,-2977,3892,-2438,1777,2692,-5842,5900,-3093,-1826,3156,-2651,5459,-2948,3028,-744,-1574,-6099,4222,2678,-5759,2391,-3068,5827,322,-6500,187,8306,-6175,2650,1543,-5071,827,2327,431,-553,-2278,-7,6623,655,-2945,-155,2658,-3506,-1029,-2250,5298,-5929,6224,-5302,2151,2176,-700,3048,-285,-3839,-2591,-1748,6224,-4074,4066,-913,2676,-6737,5958,-1118,-5155,7384,-2792,-3456,5372,-1112,-5756,-659,3545,-3613,8773,-3570,-2742,-2821,8407,1033,-6173,-47,-1861,3355,-4637,5768,-3017,2448,-1776,-2569,7851,-5046,840,-374,-2503,-1860,5299,3219,-5331,2346,-2876,5198,-2961,-2330,2725,-3907,7267,-6895,-90,1490,-2927,4571,165,-4307,4913,-1598,-1902,5248,1012,-2103,-4217,2257,-1201,-2803,4759,3364,-2655,-6085,1558,3250,521,-1719,4629,-5241,3333,-1202,-4722,2706,5781,-4309,886,-190,-1028,-1603,-2490,9434,-2054,-6241,5611,-343,-4683,2041,3761,-1715,-78,2243,-473,115,2115,-3042,-802,2541,-8252,9153,-3614,698,1916,895,-3550,1754,-7553,399,1470,974,3470,1866,-3706,3764,1632,-8334,-54,6299,-6338,5198,-6414,7011,-6329,120,4127,2486,-6909,8737,486,-9817,2657,3550,-4624,4073,2659,-8312,522,5750,1856,-4111,169,2681,-3904,-1685,5807,-6876,3645,5339,-5122,-48,2847,985,-448,-5465,4280,765,-6229,8361,-7383,4391,-4297,3474,995,-486,3565,-2876,1854,-3424,-663,1971,2635,-4802,-1160,6796,-2312,932,-1726,2785,-7158,1464,-453,3065,-364,2980,-9077,9800,-923,-2637,-4462,5006,553,-5676,2772,4825,-4841,393,-4592,30,3203,-398,-581,3575,-3777,-1961,97,9462,-9217,994,4705,-2402,5009,-3521,17,-2535,-1002,-1340,380,710,2523,-803,-2665,6373,-805,1938,-2636,-5001,3046,-1557,-410,3062,-2649,5280,2043,-9340,3393,-2656,1897,2983,-2514,-1397,1329,0,321,557,758,606,-2069,4556,-1614,-4901,7512,-2039,-871,2895,-4109,-1530,2245,1945,-3634,5353,-5551,-1298,6315,-6133,4626,2179,-7321,3394,-660,-2593,2296,4322,562,-1863,-291,-6286,6567,-3876,941,-2323,1242,5598,-4955,-1930,1213,197,-2989,2529,-2202,3860,-3862,2837,-2775,8617,-1885,-4591,139,-557,5797,146,1003,-9495,2399,3621,-3796,7338,-180,-5194,5291,-7045,5601,-3235,-1548,-1643,8320,-6393,-1145,3510,-929,1106,-3735,4315,-3567,3971,-4986,5368,1741,-3183,371,-896,-955,-1870,-1384,5239,2120,-6455,6079,-3896,5048,-7825,1534,2451,-2584,1916,-2442,2283,3610,1168,-5627,-900,6540,-9352,2449,2766,-779,-3359,2906,-2430,7963,-7118,2213,2162,2662,-8080,4953,1322,-1495,-1752,-2195,-1106,7642,-3882,3355,-7213,-918,123,4674,-1675,5181,-523,-4451,2419,2079,-5017,1079,-506,5389,-2834,3761,-6122,3638,-5805,4176,3793,-1154,-3888,-4555,6232,-5515,8715,-1245,-5232,5361,-2743,-3316,4282,-2168,-3750,2364,-1330,6794,-119,-6801,58,5195,2686,-1921,-3338,5118,-4439,-4161,5964,-2190,-3272,7452,-118,-4892,-2486,3589,1001,3801,-8570,6656,-4289,-2475,-349,6364,-4218,4516,-4492,-1844,5840,-4031,6491,-6479,1885,-3690,244,4336,1678,-329,-4173,3698,-5860,-285,6440,-4763,6805,-4098,-3115,4484,2607,-7116,-767,7703,867,-3067,-2491,5530,-598,-8208,474,7117,-366,51,1865,-3090,-2204,-92,-2636,3516,1882,-6309,3846,5179,-8529,15,7421,-1190,2508,-6448,6097,-5897,3900,-4701,475,-935,3235,2614,-5853,-2,-2066,2388,115,5881,-7057,7576,-1321,-4302,-3092,4263,3717,-3023,2476,-6124,-542,6336,-7161,326,565,-258,8338,-1905,-1882,-3971,2964,2987,-2937,3339,-6060,-728,327,7939,-443,-3451,-1823,-2641,1486,4343,-714,27,637,-5980,5547,-3437,-1113,6551,-1812,-3011,1885,-3415,6506,1156,-7997,4365,-3690,7008,-153,-2104,802,-1896,-5251,4909,489,1764,-3316,-1487,1359,-3021,-387,6420,-4948,6411,-6526,1284,6066,-8647,3460,-928,3485,-6136,972,5293,2383,-5997,-809,5771,-5171,3368,-1637,-3404,70,136,6783,769,-8618,1176,2594,-172,666,271,2169,1557,-2357,-1942,-2444,-792,1952,-1347,-2193,3431,-2608,5300,942,-4548,-1475,5242,2977,-7381,4606,686,-1403,2300,-3835,-1395,-451,1639,137,-1448,6430,-8154,5383,-6183,7487,-5701,2541,1118,-1301,-4184,9012,-473,-1842,-2620,4536,-1173,490,-1834,2495,-1168,1557,-2130,-3619,3297,-4503,1013,-1669,-1195,6846,-5843,4305,-948,2324,-6533,3278,3557,-1716,-1115,-3328,2315,669,-4244,7451,-5494,6454,-3854,-3465,853,-742,4213,-2622,-88,1313,-1140,-2520,8579,-5182,1876,4241,-2590,-1423,-4715,873,2419,-615,-1799,4713,-3674,2060,-3799,6136,414,-477,-5916,4216,-2999,2926,-3082,2766,2395,-5154,-1900,628,963,7554,-3677,-2919,3500,941,-2654,-812,3039,-2838,-3395,4754,-4196,1617,2328,2519,-7083,-104,3722,5330,-3602,-4295,3369,-3879,907,2228,3817,-3054,2997,-2300,-334,2349,-3687,-2288,-618,-1068,3620,-1590,-345,4237,-3889,3030,574,2359,-6712,6664,-6266,908,1808,4041,-5348,-1699,6,3692,-2133,2607,644,-159,-5009,6366,-1157,3178,-1330,268,-750,-6839,4148,-3581,3944,-1775,-419,150,-925,3314,-5972,5688,-4822,7858,-783,-219,-3560,3043,2531,-4325,-2486,-2074,8932,-2334,-4319,3963,-444,-1178,2707,-1297,2126,-1636,-4855,3476,-3350,4986,-2566,3701,-6806,7513,-5433,5262,-1386,-5565,1945,3152,-736,546,-5732,8040,-4393,1750,2293,-7895,3533,-3432,7022,-4422,-2814,-181,-222,3530,2012,3226,-4631,-3767,-564,8190,-2875,-4200,4608,2247,-5813,-2661,6612,2187,-3675,-1253,1499,-839,3199,-6935,1173,4113,2508,-5750,-1883,1732,591,-3342,8946,-7912,2191,-2524,-138,7575,-2918,-2369,6845,-5213,3346,-2868,-773,-2906,1310,508,3314,2038,-1248,-3696,-638,4342,-858,-4928,6287,1464,-8138,8149,-7086,3027,-4547,7930,-2681,-3101,3212,-4253,4269,-1134,-3403,7862,-395,-6325,2568,-474,-3259,8146,-5079,-894,859,2027,1617,-3626,3711,-3848,-770,-724,6798,-4040,1284,1216,1231,-5244,2940,-2095,4159,-4368,-3086,325,1282,-1984,6988,-5135,-2325,7853,-3451,568,-2887,862,2846,-2893,-172,-853,-414,7177,-6938,-692,1509,-993,1666,3095,-4970,5323,1489,-6597,6596,-2815,-1155,-2843,-1093,4180,-188,-4945,5694,-2280,-2764,9095,-6181,-104,1783,1115,1175,422,-5014,4764,-449,-5641,7385,-3813,-529,4157,-2892,2423,-7107,309,3678,2103,-6207,5962,918,-5709,7249,-1754,-685,-994,-5108,5589,-5667,241,414,4104,-109,-5075,8921,-9206,4227,-913,4803,-8566,6719,-4032,6057,-3021,-1904,-2122,-1311,3761,-3364,5246,3128,-4283,4757,-6981,5927,603,-2642,-3151,5737,-8988,6986,-904,1433,-5083,7324,-5414,-1761,2920,-3774,855,6047,322,-8920,5778,597,-1131,-277,-4642,6014,-3983,5558,-725,-2162,-98,1616,366,-1400,-5122,3288,1643,-232,3029,-7760,8786,-8172,7581,-2929,573,-293,-6067,8198,-2131,2276,-5340,4174,-5833,2325,-3033,5296,1418,-4273,143,2129,-5315,552,8754,-5262,5873,-368,-824,-40,-429,1454,190,-2087,-1491,-2799,5112,-3425,-4642,7194,-2680,-1097,4956,-8717,-108,8564,-1603,1394,-35,-3397,2546,-6900,5142,-1781,2597,1536,-1199,1962,-7775,75,-1206,6701,-1944,1987,-4865,1815,5860,-8360,694,5852,1545,-4669,3363,-3851,-2282,6768,137,-3416,-5239,2560,-2336,7173,-4397,3279,-1751,3691,-7578,3549,3904,-8142,4185,2835,-6158,-938,7594,-1208,549,-1357,-5337,3212,-789,390,-1137,7306,-2628,-5867,-269,-180,9172,-1703,-265,-6626,1403,677,3054,-2750,4143,474,651,-4939,-2117,5606,693,-5895,7880,-3500,970,-5889,3334,507,2192,-5077,7076,-8115,4906,-730,-3866,252,3351,85,865,-1638,-3849,7982,-2629,-1637,1479,500,-5015,7735,-4405,444,2893,-2123,1114,-5567,939,759,2777,-2088,-511,-333,4624,1018,-4830,348,-520,5684,-7531,1577,-2413,6710,-4746,6739,-9311,1179,4908,-1357,3038,-3986,-2236,2340,-3934,9591,-1813,-4575,4660,-5370,3428,-1688,3598,-3887,2358,-2733,-2898,4969,-4862,1012,927,-2507,-181,4159,-901,741,-619,460,-73,-3782,234,8725,-2813,-3905,880,-53,325,2377,1698,-309,2497,-3420,-2368,-44,5425,-8224,2391,4846,1037,-9261,5270,-2499,3968,2299,-7147,5092,1054,-7114,8507,-2275,-5510,3394,-4986,765,1422,-2113,8272,-1231,1901,-7912,2768,3754,-6921,3367,5420,-5248,-50,4080,-5344,1776,4360,-5494,-3251,1870,2687,-2461,2809,2012,-126,-3411,2711,-2962,3995,-3953,2264,-659,-2958,1460,1019,638,3168,-4047,-955,562,-3775,-40,7191,838,-56,-5181,-2214,1215,-544,4149,2813,-8295,944,3816,-4212,652,-1058,-344,9145,-3756,185,4010,-7597,-943,1993,2188,-543,373,-4518,2673,-2233,-617,3839,-4371,6031,1234,1377,-379,-6514,2562,4150,-163,1097,-8790,7086,203,-6673,4314,630,-5189,4525,1409,605,-5310,-957,7056,-1600,-1689,822,-4828,-637,3375,3344,-1297,3796,-1504,-6312,8052,-2492,-1162,-6128,5357,-2220,-676,-1373,2183,-3175,6104,-462,-1199,2266,-6573,7841,-3355,563,-4978,3912,406,-3077,6777,-3479,652,2533,-7805,7964,-3313,1958,349,1099,-2423,-2821,-2067,-1094,6012,-524,-4449,4843,-2413,-1751,3331,-3482,8240,-4052,-2657,4379,-5030,-142,7620,-8021,5476,2571,-3833,-4594,4067,990,-2661,-101,-3481,1053,144,6190,-6312,299,4548,-1699,1816,-1660,1201,-1754,-1962,6218,-3836,148,-2873,7408,-2807,-3453,3387,-154,16,-5592,4381,440,-204,-649,-3588,2930,-1391,2610,-1558,2110,-3881,-1488,3636,5489,-2423,-1969,-4524,4995,-1792,4365,-1474,2351,-2064,-1937,3929,-8854,5991,2973,-5773,690,-2166,4565,2713,-1704,-487,1393,-5844,-936,3440,4815,-442,-1250,-2457,3046,-690,-3293,-1440,-2169,4806,154,-1398,1322,-4035,-1584,2770,-1165,3330,858,-2493,-2656,4991,-4009,1791,-1368,3537,2783,-2684,-1171,-3304,6342,-4875,3504,1116,-2135,-2101,-279,-67,666,-2668,7503,-7658,1006,4867,-5744,3035,5802,-1127,1020,-1773,-2284,-2669,1206,4095,-3857,5351,-9658,6769,-1107,-4696,1369,6937,-5169,-3984,8833,-4194,-2790,-1525,2430,6634,-1511,-7323,-73,4542,3670,960,-3836,1906,-2571,911,2487,-3932,3125,-5322,-2002,867,-1105,6478,-1697,-3582,3752,-2902,-2183,1825,6406,-1686,1497,-5899,2768,1468,-5333,4606,-202,-1089,3134,1077,700,-2502,-1258,616,-2932,-2784,1316,1972,5721,0,-3064,-915,-1674,4546,-8185,577,2601,-3420,4991,4706,-2970,-1657,2834,-760,-6818,8762,-4776,-4304,7235,-721,-5453,5526,-2991,-659,829,-3651,8468,-7649,1472,2870,3678,-8113,-221,6152,-1444,507,3843,-167,27,-2801,-1393,-4479,3214,4976,-2445,1779,-3273,4138,-6852,5378,-2636,-2262,937,-3920,8252,-3943,5103,-2482,1025,-3983,1628,142,-3380,6601,-6146,-1006,-264,7778,-3654,-3017,878,593,1503,-180,-3069,4305,-4829,3942,-2823,-1588,7479,-2971,3904,-6594,3199,-2685,-599,2266,-3196,-2020,1293,4736,-5726,1396,3856,680,585,-840,-1774,4916,-6025,1121,2113,-385,-1445,3266,-7056,1926,-83,-136,-347,6170,-2412,-4929,552,-1346,7537,-4827,-1251,138,6589,-5467,398,-1394,4371,-6189,7040,2192,-8320,1477,-596,3967,1035,1897,-132,-1190,-3262,-3975,530,259,7256,-4328,2296,1778,36,-5983,4230,468,-3767,-2774,2558,6125,-7767,2455,835,-2083,1573,-1255,1762,5215,-5791,734,4541,-8209,7474,-4937,3164,-4723,-1551,4501,-756,1607,-1144,-2765,3557,1837,1135,-6654,-1411,3438,-2310,2239,3865,11,1460,-447,-6629,6290,1466,-7705,834,3077,-1133,207,2642,-5961,-68,6927,-7271,7505,-8394,7976,377,-3707,-3815,2208,6138,-5465,681,-580,443,-4785,9855,-4934,969,1528,-3709,1246,-426,-3976,7460,-4599,4429,-3201,-4600,8158,-5729,3029,-638,-4261,777,5548,1468,-8313,701,6810,193,-5858,1481,3758,998,207,-897,-4590,5718,-7576,4643,-4431,978,-659,5729,541,-3656,-3726,8247,-4439,2245,1882,-4837,4142,-3699,-3226,1123,6218,-5920,7544,-2118,1568,-8887,8280,-6453,5170,-6454,3004,-2712,4938,1590,-684,-3497,4752,-1953,-3918,432,-2739,9016,-5340,3937,633,-6902,5814,-1171,-2171,-470,-742,4607,2676,-6848,6119,-2336,2769,-217,-2929,-6402,8423,-3359,601,2283,327,-4895,3345,-5686,153,5049,-5876,9195,-2163,-102,-910,-1028,1067,1164,-3811,606,4948,-6668,-2439,5971,-4655,-848,5236,196,-3292,7051,-4607,-183,-322,-4419,750,579,2475,618,-2972,6487,458,-3624,-4742,7738,-6280,5925,-307,-1126,-3104,2237,1269,-6268,-185,7407,1815,-1239,-2532,-1226,-3827,1732,1901,-2996,8107,-9404,8390,-2894,-414,-429,-1377,1451,256,2863,-4200,1964,1272,-3107,1482,-3159,396,5851,-8340,6286,-3661,-33,1595,2042,2360,-4821,4832,-3495,3410,-3120,1779,-3393,-2196,8045,-1476,591,-2687,-6024,5968,2160,-3745,-2957,935,5699,-2126,-1283,-1946,632,6020,-1623,1959,-6540,5424,-919,445,-5221,695,4914,98,-8650,358,3934,13,2271,-3627,4167,-3410,4126,-5869,7671,-2493,-6763,3937,2671,-4843,5187,1661,-3571,-275,-712,-4159,6452,-3649,1550,2271,-5831,2833,-3566,492,6368,-5890,-486,2300,-745,-621,1788,1882,-4407,7389,-4803,1825,-3291,3186,3770,-6716,4637,-2616,-3702,7679,531,-3929,-4372,4066,-1029,-505,1611,-2883,342,5236,-4439,-1347,704,3129,-3972,5985,453,-913,2069,-879,-6160,2521,4517,-6575,2691,-1766,1567,-4930,810,8871,-6318,-3522,8179,-3885,-89,-3007,8396,-2062,673,-1549,-6033,8580,143,-1420,1833,-6502,4753,-7340,7096,-391,-184,-907,3564,-235,-8478,6529,-3421,-2209,7110,-3609,4413,-9281,4943,-4999,2587,4480,692,-311,1611,-4976,-3504,8551,-6469,-25,-1850,1173,-2350,3,4939,978,504,-2270,-810,-2748,143,6783,-4325,-3149,1367,1123,5725,-2057,-5720,6978,-4691,5046,-5438,3028,-4522,-193,338,4637,1088,-197,-1447,-4015,7735,-7454,5798,-3460,-2761,4705,-2089,-2004,-1504,6319,-4053,3713,-1595,2388,-5697,3611,-4273,-456,3293,4560,1440,-4328,-3880,-748,7002,-7561,1391,6653,476,-2442,-5989,8136,-3589,-2270,1543,-1983,2574,1235,1230,1292,-6392,6864,-4906,-3713,979,3775,-1253,-2417,8272,-7070,5022,-2364,3372,-311,-5556,1692,2908,1501,-5455,4202,-3954,-575,620,-2217,-279,3494,3439,-4070,-719,-1942,7122,277,-2529,-1408,61,52,3516,-2247,-2139,2154,-2005,1094,-5182,4118,5528,-6103,-2661,9048,-7629,189,1713,835,-841,-3951,3419,5461,-826,-6913,7296,-1384,-6036,861,-1896,2682,3484,-5646,8582,-1799,1444,-2244,3230,-8097,4334,-250,-5030,1152,5405,-6292,3501,4841,-836,192,-5559,-931,-395,2227,1969,3654,5,-1579,-7141,1401,-1107,3730,-3091,-525,5411,13,-834,-165,3834,-9233,7986,-8284,3298,6281,-8168,5274,-5420,2306,-830,6508,171,-1929,-6314,391,-46,-1195,6130,2366,-2674,-3005,4875,-2858,3061,-3345,508,-1524,-2268,1973,5114,-3789,1633,-316,-5382,8824,-9299,8756,-2070,781,1799,-5831,5447,-3780,2243,-7396,6978,2402,-9589,917,3855,-3326,3313,-988,-2749,-100,982,5481,1262,-2479,3423,-3022,-2597,-1734,4358,-2495,-220,-627,-575,-2561,3914,3043,-7329,2558,-2248,5729,-1275,-1259,-2964,6830,387,-587,-4369,3851,1269,-7918,644,8693,-2264,-793,-4636,2650,-1916,5373,-761,-4078,-888,-2051,2052,-1658,4854,-677,-3026,1398,-2512,1302,2418,-1311,5435,-293,-3954,-3782,5,9284,-5207,1890,-4289,-953,5315,2397,418,-3797,2244,-294,-1982,-420,-194,-616,1285,-18,4327,-6606,4821,-746,-4226,3943,-6808,6278,2573,-4114,1875,-2367,865,-3458,-787,7474,-5774,-2306,6697,1538,1130,-8156,5111,2097,-1241,-3738,3465,474,-4527,2752,-4090,-1487,9297,-6217,3446,-957,-825,-3337,3313,-1478,-90,3548,-5197,6586,-226,-6459,3072,-1137,-955,5969,-8210,9237,-1491,1252,-2701,3108,-9469,2862,-2271,3681,-925,6109,-5563,-119,1171,1356,-6555,7892,-4068,-51,-1798,681,1068,5864,-6737,1891,-3691,6583,300,646,-1688,-6342,43,6760,-1742,-5715,6023,-4574,-322,3746,-2384,2123,5000,-809,-7685,264,-301,7431,-1185,-906,-5663,4840,212,-5588,1442,-767,8280,-8245,7994,-1393,-4658,4286,-5704,4543,1258,-6882,3205,2044,-4168,2129,2774,-2930,6280,-7646,7800,-4533,-3721,6172,1316,-8238,693,4115,2283,-4294,3723,1908,-3017,1976,-1454,1037,-7004,8174,-7473,2272,-3724,8096,-1165,-1253,2180,1882,-2834,-5492,8246,-4384,-3332,-1771,7267,-6198,335,5632,147,-7495,6798,1242,-6163,7,3082,4619,-1918,-5052,1663,371,4240,-5904,-804,250,7100,-3284,-66,-4169,1566,5002,-7364,207,-408,3018,-1766,-1213,2728,1913,-3226,6262,-7290,6049,-6993,543,6648,-264,397,-627,-2366,-335,179,2952,520,-5130,6909,-7015,5074,1244,-8461,4043,1480,-548,1337,1483,-2209,-2240,403,-705,-928,1216,2640,-3329,3709,599,-5228,-824,5650,767,-4363,-1064,-657,3588,-597,-2891,601,1256,4524,-3149,3841,-4673,-2101,7259,-9489,8214,-7702,1213,1322,-1676,3080,-223,1919,-4307,5357,-409,-896,-5055,3062,2707,1167,-7084,810,1624,-3042,9333,-2908,-2352,-1254,3085,-401,364,-2562,-2557,3548,-1845,-1668,7543,-5363,6706,-9751,5890,-4560,-1272,-251,4360,709,-472,4907,-480,-8902,9169,-7752,128,8274,-2853,451,431,-6623,463,-388,374,6415,-2628,-1133,-2084,4629,-3755,778,1121,3580,766,-4127,-3672,7794,-1065,473,-2574,-2940,4101,-4669,5556,-4736,-3565,8011,-1262,-430,-2965,6164,-7249,838,4111,-2053,3884,-800,-622,1180,-1253,-4245,3277,-4416,4674,-1684,1743,-4307,3942,-2309,1643,1335,-2860,303,4808,-7790,-1589,7695,-3751,-1404,7164,-4374,1486,171,1455,409,-3679,3992,-6674,570,-490,5991,-3378,3679,-7177,3021,-4387,6610,-673,761,900,-3888,5669,-1181,-3772,-4521,7241,-3147,113,3307,-2205,3333,570,-2453,-4578,3474,3084,-2011,-2991,1476,-873,-1391,4419,-2974,-3395,1363,415,5973,-7736,2406,-2874,1938,-1781,7982,-5781,3654,-760,3349,-5791,1879,790,-2845,5007,-3377,-5036,5612,-3338,6056,-4680,-1061,3858,-4293,388,1916,4413,-1936,-3008,5480,-2085,-1183,2458,-6888,309,-696,764,829,-1891,355,6541,1876,-2607,-6169,-567,778,2359,-1027,-176,2618,409,-4178,3222,-2219,5163,117,-6278,-1040,6295,2752,408,-1047,-3048,-3988,-663,1871,-1684,2494,256,2410,-5747,-199,252,661,1156,4502,-2775,-198,-1323,5898,-1330,-1580,4041,-2349,-682,-4979,2159,-370,3578,1437,1087,-2055,-5138,6753,-4263,-4179,9011,-1957,-2827,1041,-91,2778,-6903,3085,2847,-4783,1852,4775,-7314,4931,-7203,20,6887,3000,-1317,-518,-8065,309,6076,-5183,7837,-7994,820,6183,-4045,4603,-7867,87,-50,5374,-2731,5971,-9359,2277,-394,5616,-5056,92,1992,4671,-3504,-509,-2807,4807,785,-3343,3000,-765,-6199,3705,5252,-4479,-2121,3634,1617,-6287,2314,3965,-575,-805,-2262,-726,6005,-1741,-2311,-2187,3670,-5835,8282,-7710,-1192,5076,3861,-7139,4517,1733,-4917,-2300,2011,6064,-9246,1891,-459,1560,5728,-6301,-1345,5865,-7526,7918,1399,-1090,282,-337,-5153,-2242,6709,-4468,1453,-4334,7008,1547,-4887,-2511,-512,4559,2490,-7174,5648,1265,-4797,4156,-5379,4245,142,-2586,6239,-8413,4558,861,2433,-8986,8856,-7620,-461,8074,45,-5579,3180,1374,-995,-5,-3846,2143,3448,-4693,1020,-3135,7852,-9163,6716,-6527,7396,1236,-4519,4940,-5895,-2010,7035,-315,-815,-1691,-4910,1640,2755,-5221,3590,-604,171,1836,-2616,-221,2850,-768,-375,-128,-2809,3722,-1836,2124,4455,-9319,-318,5731,2882,-3383,-3931,2531,-3199,3254,4363,1460,-1063,-5550,2274,1013,-4064,-1790,1919,4986,1371,-4656,4274,-4046,3168,-1345,-4621,8095,-5090,-2046,2651,634,-5617,8894,-1217,-6781,5485,-2231,47,-224,-1267,5954,-1977,-1822,-5,-3227,3820,-2643,5189,-6110,-1515,2285,2302,4578,-84,-5306,1733,-5378,540,2172,2646,-4686,6731,-761,-1034,-1115,-3458,6647,-1939,2309,-8833,2056,499,-2452,2898,-599,5155,-122,-649,-5658,8738,-7935,431,4648,1726,-4901,-2060,7769,-8019,5009,-5019,6225,-5855,5176,-5023,1946,5538,418,-2669,-2707,712,-558,4991,-784,-6018,6773,-9683,9789,-2714,-5984,7688,-6305,3778,-1738,-3172,337,4175,-1514,1779,1897,-4839,4708,339,-7875,7760,-182,-1390,-2698,1759,1,-2348,-904,1379,-1974,51,6929,-6384,2857,3694,-3096,-933,1649,1832,-3654,-2350,-1296,6249,-6355,690,5793,-3969,-2512,7879,-7869,7314,-7362,3110,3589,-1194,-6445,3621,6017,-1617,281,-6299,25,5271,-845,-1740,-2642,1468,4625,-2902,2481,-4672,4385,1762,-1695,-5652,3230,-2119,-2327,2845,1872,-947,198,3399,-6827,5868,-4482,4329,-1643,874,432,-580,2370,974,-6255,5252,314,513,-8080,8183,-8542,-400,4239,-3385,5658,793,945,943,-7594,3828,-4274,8353,-6079,-1565,-378,7283,-6397,6320,-2877,-5385,6885,1716,292,-6067,-1364,68,-2275,984,578,-452,1870,-1346,8236,-4738,-2452,5111,-4985,-704,7533,-2442,-6103,2017,4122,-2429,4249,-2132,2810,-4486,4145,-8105,-94,-1109,1072,8471,-3225,1393,2178,-6750,4615,-3361,2797,2438,-2283,-6603,-805,1140,2036,573,4611,-3780,-924,-3569,1064,6187,-4113,5834,-8887,8615,-3229,1535,-4635,-774,1577,2144,4466,-506,-2873,-5480,-336,-501,2716,-2057,335,8221,-560,-1859,-4431,1528,3402,-7293,5156,2981,-7321,4291,-3734,8125,-3701,-2385,4593,-2910,-4994,3583,1729,-3348,-33,724,6650,-8352,6252,1634,-3611,-4342,8092,-195,-5192,3972,-4047,-2848,5278,761,-1012,-2714,4844,-7834,1992,2700,-3529,5547,1384,-1615,-6397,5142,2934,-7528,8815,-9423,6426,-6535,8221,-3716,3754,1023,-4840,-38,2853,-2488,2328,-2321,-294,4330,-2470,-2492,-1220,6048,-2767,654,-1631,-3,-3102,181,755,-2371,6981,-1454,690,2785,-3215,-2058,-3838,878,3244,471,2836,-4525,5678,-1806,-272,-5760,1920,2405,469,3443,-7771,8238,-233,-5325,-2283,5994,1833,-474,-6754,-957,156,578,684,-2573,8283,118,-1000,1840,-9474,6887,418,-5557,5789,1580,-8775,7799,-491,-5021,6062,-1898,-2019,1794,352,-2020,886,-2826,-1008,2648,1731,-5829,2339,6259,-969,-1150,-6641,5898,-6336,5692,-5908,7703,-104,-5689,-1793,1209,3231,-4259,7455,-7754,2517,155,-322,5521,-3282,-3964,5664,-3546,5649,-3813,2538,-5434,5830,1047,681,-3347,447,1935,276,-4389,5341,-2016,53,-5571,-1045,-128,1162,3367,-1005,2148,2065,-7999,3755,1241,3566,-4269,2953,-1757,2177,-6683,1014,2193,-812,4372,-1344,2913,-5530,-208,-2947,5364,244,3045,-1407,-105,-4084,-481,109,4653,-7724,249,3839,-525,-2200,-1539,-224,1107,1327,1408,5442,-2192,-6614,7569,-3095,-2463,5236,422,-757,-2310,550,-4624,1710,-579,2082,-3630,-493,7757,-6016,2962,2721,850,-196,-7740,6856,749,-2494,3614,-8963,2596,3260,-1470,-409,-1075,789,-3436,9113,-4281,-977,-1120,889,-1859,6132,-4180,4677,-2008,-5037,2337,-1038,3980,-1801,-1184,-3238,7633,-8241,7493,-1169,1131,-3017,2193,-5188,-241,1372,-2327,7016,-2500,-1414,3393,-1015,-2938,4669,-7790,6124,-6019,9397,-2741,-5714,-341,-966,1103,-364,5163,-4200,7546,-895,-4447,2917,1402,-8100,6454,413,-7040,6153,2269,-6465,-1091,4990,2697,-3614,-1472,4155,-7097,1850,1965,5179,-3075,-1891,-3887,1327,-932,1105,3694,-1516,2794,2712,-6542,80,2067,4064,-2040,-3157,-862,6493,-9797,1265,3489,-1986,6845,-8778,4595,-1684,5491,-4346,4048,-5377,5403,-2980,73,-1130,406,1556,-1336,-1541,-1736,-72,6096,-752,-218,2134,-757,-6333,1543,-1032,2389,2139,-4075,-74,6152,-1105,-6116,4228,-4168,6443,-6345,7180,-3800,-3234,5313,-3744,7,4351,-5472,4868,-5496,5403,-4905,433,-442,-2181,1586,870,-2223,861,5125,-6119,4352,-2063,6279,-8313,7653,-7584,3079,-2185,4598,891,-1597,-2527,2503,1360,-2269,-3899,6979,-1562,-5430,8090,-2378,-692,1206,-6135,8321,-3044,-6499,222,9180,-9415,8743,-2902,1372,-1304,2650,-6041,-1990,3601,-3711,-424,900,2204,672,1809,-1692,1270,203,979,3045,-4147,-1893,1017,2585,-4067,4210,-2678,-3914,7689,-8220,7984,-327,1009,-5020,3081,-4966,6015,-1714,2009,-5366,-1920,4030,3687,-1874,-1439,-756,5232,-8818,7689,-4328,-2551,920,2096,4634,-5350,1694,-2253,-3117,4375,5217,-6801,-84,2554,-5215,8131,-2759,4047,-8182,5846,-3116,5620,-489,98,-3941,-1176,-3178,1354,-590,7521,44,-8897,5603,1149,-2057,-4380,3285,1625,-5487,1592,-739,3690,1285,-653,263,-70,-5332,8681,-6896,-1015,-84,2284,4993,-6990,103,7022,-3524,3354,-4387,-30,-2468,389,3994,2736,880,-6643,2023,4533,-8255,-1,8358,-5040,2087,368,2045,-7886,2850,579,388,-1330,5022,-795,-6187,4078,3615,-1019,-4040,2581,-5634,8086,-3868,-1342,-2262,-1727,8966,-6799,993,-1872,5746,-2337,-1958,2720,-2427,1262,3412,-689,-4541,-2009,5365,-4308,5294,-2932,5642,-9262,4654,3735,-5833,-2645,2314,6839,-8867,7599,-2914,3693,-5292,506,1214,1541,-2587,565,-3499,-377,3405,-2618,-1078,2226,1620,-3260,7061,-4697,-1971,4448,242,-267,-4653,797,6488,-4566,-2977,5324,-4267,1354,-2481,2331,1805,662,-1481,65,-2708,604,6473,-8613,9304,-1296,-4925,-576,5109,432,-122,-5921,3331,582,1173,2242,-3591,-2193,5829,-9013,4640,-192,4785,-9307,6678,-2207,1543,-1230,-1054,-4092,3817,84,4321,-7884,3080,-2495,880,-1600,5876,507,1769,-1357,-2972,-1782,986,-400,-1761,1471,2063,1723,2984,-8463,6601,808,-1972,-5,-4554,-1572,928,-37,2688,-2697,7947,-6561,-1671,7865,-3766,-1998,2140,2952,-2406,2062,662,1440,-2960,-1415,-1299,-82,746,-3852,8050,-3896,-112,-1055,-1166,4259,801,-2492,-3460,4978,1706,-6426,4026,-3049,-2223,8721,-2924,525,-486,-922,-2412,5323,107,-5301,-3039,6831,-4116,-2354,937,314,2270,-1957,-2208,5542,-1354,5283,-6396,3260,2143,-7841,3445,4159,-379,1256,-878,-6021,4936,1734,-4241,-4219,6505,-5103,2224,2991,2071,-5872,4062,-2233,4310,-843,-2167,1274,-350,-4830,6074,-2551,2173,-4248,2555,329,-1018,2256,775,-5311,2218,-4032,965,6372,-7662,2773,3706,-4931,465,6344,-2265,-4571,-1445,5750,-3524,3127,646,-6222,954,6188,-8097,3714,-4002,1304,-398,8095,-9189,8212,-4677,2093,227,939,-2005,33,-2587,79,2663,-901,693,-2480,1573,2482,-487,-3848,4177,266,-5258,6824,879,-8107,6195,2677,-4938,3669,-3464,198,-3515,2848,3652,-5972,3539,3221,-5358,1590,-2040,5611,698,417,-6331,2289,-3711,-138,5274,-2071,-3181,661,-2311,5315,1688,-5343,3516,1232,-5333,2431,1718,3489,-8809,8316,-2593,-3293,-2639,5050,4226,-5504,792,-2333,5759,-217,-6740,4732,-3912,3606,283,1281,1017,1257,-8696,-314,8394,-6931,3815,-2095,1442,-1657,4742,-5534,7045,-3075,824,2310,-1452,-3494,4688,-2268,-6956,1779,6859,-2701,-574,-1161,1333,143,-3058,4706,1653,-7082,2974,1401,-1278,-1819,369,358,-2360,1228,-2850,3452,1353,-3484,196,-447,2256,902,-483,2290,2813,-6977,5019,2644,-6048,4528,-5461,1709,4295,-1917,-3172,-3147,6966,1132,-5208,1534,821,-5457,3313,-3400,2551,1446,2397,3089,-2403,-5324,3256,-99,-1011,2349,1960,-7584,8193,234,-3894,3368,-5299,-1638,1182,2702,437,-247,883,-4149,2095,4471,-4289,1579,-2518,5499,-6004,-1925,6428,-2224,-3192,379,465,1278,935,-5022,2337,-2314,7422,-4933,1214,2400,347,441,-6115,4869,2122,-3724,4399,1023,-9383,513,5731,2902,-1943,-5577,6024,-3871,3054,-3781,4300,51,-2819,-1631,47,6366,-2324,-1838,-4927,6075,-3001,5192,-8410,9193,-2341,-7467,9787,-7809,1125,5571,-404,-6063,1453,5288,-833,1294,463,-4939,3683,-7641,8823,-9441,6326,2996,-9637,8572,-2798,910,-277,-1741,2964,-3992,4564,-4587,4717,-6896,293,2292,-3571,7537,761,-7934,341,6390,-3479,2493,294,-686,-5983,945,-96,3452,-2709,7011,-1648,-3433,-2165,8309,-9842,8880,-7069,5114,-4618,6657,-530,-7204,3433,1446,2287,-1757,-2944,2400,935,-6428,5511,-955,3492,-1615,-3343,-2606,7761,-3350,2664,418,-3057,-4647,6516,-3896,-1230,4344,-1785,-104,-3104,5455,-2175,-3854,3299,284,-3065,1656,6453,-550,-6805,-1271,3467,-3760,8573,-3715,-733,4312,-542,-3064,-1357,4959,-4530,4557,-8557,4575,-3503,342,3796,-3670,6302,-12,-8550,3348,-2748,4696,3076,-2968,-1229,1368,3246,-3361,-116,-3917,3991,-4086,6562,-6671,5505,232,-4610,-1313,-393,3743,-1183,-1686,2888,-1105,5542,-8030,3802,-3484,4498,2911,1022,-550,-628,-4308,3657,-7201,1130,-875,6498,2359,-6653,2686,-4816,-841,1759,-1017,6496,-3389,870,-3795,-549,-121,3749,-2101,-1212,6563,-7068,9528,-5804,4380,55,-4640,2842,-3886,6342,-2925,-1799,-1331,4885,-7673,9785,-4886,-4306,3472,5086,-8627,192,4387,-3405,890,5607,-7731,1240,3388,2288,-6544,3547,3309,-1770,-2593,665,-1271,3895,-2376,4865,-247,-1418,-2979,-4206,1742,4545,-842,1266,-4939,-1576,8930,-3890,1531,-4904,-1183,-651,3860,825,1123,1962,-3755,4729,-9048,7502,-6768,644,5267,-2720,1744,3398,-5498,-1801,5067,-4055,2315,3423,-7048,4207,269,-2915,2118,-3951,-1063,8281,-1238,-1746,-2366,-2829,1644,-1420,5970,-3710,-1793,4201,-1220,-1316,6055,-2137,-1698,-1875,2291,-1168,2356,1504,-3412,4351,-4369,653,2634,-5026,4707,-6199,451,5869,569,-2007,2053,-3128,-891,-3589,-276,5352,260,1470,-1530,3890,-3103,39,-574,2665,-2456,-5787,4983,-5056,1636,7133,-7967,806,2562,3913,-4383,-3662,5837,1870,242,-6034,6089,-382,-924,-7121,2774,-1569,3661,4306,-1888,-5102,3114,-2363,2862,-2979,5412,-4355,-1778,769,1119,3804,981,-8052,8369,-6357,6009,-1057,-4092,1904,-5537,3280,1423,-364,-2254,7061,-1238,1795,-5371,-19,3722,-4453,4318,-3481,-4606,3772,-1856,2965,2278,-1702,3703,-593,-315,-1988,-2663,2740,625,2401,-5089,242,809,2133,-6218,3124,1107,2707,-4776,5402,-4903,-4,2023,219,1293,-257,1761,332,-3407,-2869,-1136,5126,-1281,2996,-2341,-528,-2398,2266,-5454,6476,-717,1613,-2624,-1131,5394,-5582,4312,-1203,-2796,-3268,7660,-5177,4675,-6370,4612,-3590,791,857,598,3765,-5454,-312,3797,-6315,4096,1760,1835,-4889,3677,-6309,3142,-3234,2286,-2330,4851,-2399,4782,-4257,2206,4097,-3847,-2905,6175,-8881,2263,7267,-833,-489,786,616,-6460,3714,-6983,6914,-4434,294,5040,-1920,-1236,4750,-2431,-40,-917,-4500,6122,-1016,1656,-4013,388,3278,-1696,1330,-5686,774,2099,1117,3532,-2793,-2302,3134,-1155,-1915,3737,-6677,7707,-1330,1997,-3180,205,-6144,3490,5047,427,-1348,348,-2423,-3288,-1039,3379,1493,-6509,2922,-2318,5378,1290,-261,-1233,-2880,4730,-3202,-1639,2591,-3681,6793,-586,909,842,-6668,-2054,845,7436,-7441,4194,-656,-4966,3055,2749,-4462,3903,1966,-4415,-2766,1264,-881,7448,-5404,5010,-597,-5887,2108,2009,-4791,6216,-3541,434,-26,5186,471,-6446,1543,3799,-4828,4600,-6846,5487,-3525,-1576,-1196,2975,-3245,1411,5097,-2645,-3954,5469,2482,-3010,-3420,2641,-2542,258,7231,-761,-5476,1260,676,4025,-3242,501,-2042,-264,-1229,6898,-4199,-397,-2486,-300,2048,-1283,3775,1880,-1763,2372,-4220,3245,-1362,-4330,3404,3484,-7957,5075,756,547,-1951,-82,2980,-7236,8047,-3262,-1315,4073,-7381,5436,706,-2154,895,-2832,-3253,1797,5942,-5827,554,3825,400,621,-4971,-2478,8373,-4125,-1627,4940,-3568,2815,2239,-6224,-1063,5856,1070,-4283,2923,-1712,-164,3097,-4433,-2076,950,-1401,341,1542,4987,-3154,-755,-358,3709,-1744,-3063,5455,-4493,1684,-954,-3483,-68,5434,1281,-7565,5284,-5200,8890,-1756,454,-4397,3887,-2675,1638,-787,1256,-3438,2060,3139,-6247,700,-3748,7746,142,-2919,-1610,3546,-1784,-2629,770,-1256,2938,-3242,5140,10,-1377,1466,-2851,-3298,5936,1454,-5811,5151,-3727,5875,-7818,7348,-7711,6011,-7333,1839,4421,-734,-2368,1268,-3890,4252,-4560,5893,-3535,5127,1242,-7048,-956,8755,-5747,1969,-2790,3557,-845,-1185,-1939,6279,-2080,-4246,6934,-3139,1529,-275,-3419,452,-1991,-1009,4460,-3883,482,2296,3405,-2689,312,-3193,6143,-5616,-2327,8382,-8401,6761,-6850,8175,-8669,3579,4573,-5427,3179,-12,2105,-8223,3996,-3036,5575,1006,-4522,-1894,1375,1711,5005,-534,-1588,729,1010,-5463,5255,-3414,-2334,-772,5919,-2544,2389,-3193,4067,-5925,-3234,9141,-1265,45,-6821,1723,4204,2551,-7385,5842,-2032,3349,-4154,-3169,6269,-349,-3337,4682,-76,411,-234,-6480,4701,-3888,5951,-897,142,-1182,-5610,5921,-5292,6119,-6719,4660,-910,-5526,8027,-3573,-2788,6653,-1119,-6656,6393,-2823,546,1773,-3609,-3077,1193,4716,-4738,3485,-4716,1878,7117,-5523,362,836,913,322,1764,-644,-7022,7330,-2051,-5332,6115,1449,174,-4664,-778,4784,-2084,-3911,5138,-5602,4313,4602,-63,-6201,5098,-5412,-2266,133,3580,-3967,4791,-2593,1698,-2162,-185,-1721,6105,715,-4626,2648,-2882,936,-2749,585,1063,363,7196,-7862,7679,-2915,-2068,-4563,4502,577,518,-3481,2666,1922,-3077,-1966,3880,3033,1072,-4946,-1196,3226,1292,-3168,3341,-6751,929,2364,-2594,2039,-1064,325,1186,553,-3412,-108,2306,-1393,4263,467,-135,-767,46,-2845,131,385,1017,-1597,4980,10,-2460,2711,-1397,-1329,-5794,6423,517,1040,-2506,2303,-7794,5561,-4793,7256,-504,-5900,-1316,6935,-3814,890,4077,-824,-6944,2826,967,614,-5130,6349,-4290,-454,6123,-458,-553,1796,25,-6436,7023,-2200,-1465,-5485,2301,6924,-8457,5574,-811,3478,-5088,5657,-4899,74,-3671,2980,-1347,3321,-562,1134,2181,-558,-2685,-4932,1883,2638,4652,-1294,-921,-6010,5618,-7276,4791,-2250,4785,1996,-8383,8499,291,-6526,2928,2867,749,-3334,-4971,5356,-4663,4591,-6399,847,1966,3060,-643,3378,-8109,2873,2052,-3287,5662,-1148,2013,957,-5057,2846,1450,-8954,4998,2673,-7825,4064,2344,-5694,3343,-2904,8036,-2752,2182,-1033,-5484,3059,3139,-7694,6150,816,-5426,-290,7788,-1956,-7158,484,4953,-4765,7166,-333,-2722,-114,1943,-5237,482,-988,757,2635,994,-5175,6687,-568,210,-4351,6302,-8263,1947,-481,-1086,2055,2010,-3739,5026,-6472,5500,-5345,8285,-7270,8115,-8093,-1001,-73,6439,-3869,3920,1153,-3892,-3101,997,7862,-5634,-1561,2027,-688,127,353,-4140,7193,851,-2085,-5311,6965,-3076,4683,-7032,7226,-7993,39,7414,-2663,1211,-5417,4288,-222,496,-4896,4396,-3962,365,5788,-4859,-1706,435,4465,-1465,-2436,5583,-5053,2703,1492,-5943,5600,-535,-1716,-3434,3029,5180,-3904,1680,1707,-4757,2586,-6834,9148,-5207,-31,-704,1533,-1360,1012,654,-2546,3592,-673,-4188,7005,-3586,-1860,2752,-3579,5903,-5275,-1312,-1043,275,4890,-1322,3487,-6621,1501,4067,-5701,1461,-78,3287,-3897,-1151,3035,460,2595,2569,-8310,-747,7964,42,-314,-6070,7139,-6714,6442,-3492,502,-372,-984,2783,-6245,6686,-6889,2703,-2979,3335,3223,-5077,-1615,935,4967,-3056,4043,-29,-4181,3736,-3103,2496,-5086,5124,-683,2558,-2798,2820,-7276,888,6780,-2603,1335,-1120,-4504,6940,-4961,-1468,-1855,26,7279,-4112,5757,536,-2844,2002,-1673,1543,-5121,-2706,6096,-5342,2413,5302,-8792,2548,2162,2145,1012,1030,-2738,-6413,1276,4012,-2441,1319,-998,722,-700,-1470,-1848,9382,-7450,-22,2774,-4265,1972,2917,-478,-1160,-800,3537,-6535,6770,122,-1552,328,-5653,4000,-3403,2622,2252,2053,-6925,7209,-2431,-5028,9032,-3261,-3869,2907,-2092,3396,3459,-8547,339,-871,-816,3787,-3329,4672,4716,-3064,-2725,-2435,6791,884,-2339,-4067,5505,-90,-5210,-644,-1252,7576,-3835,-899,3460,2015,-6937,6655,-4710,-3124,5094,-5064,6914,-4558,-2648,4791,1969,-5876,6223,-3786,-4018,932,858,-1990,2557,2597,1332,-1788,-2681,6958,-6454,6033,-7660,1351,-559,1618,3993,-4822,-2446,2576,4867,-5981,2266,3993,-3601,2736,-1636,820,-6013,2368,6280,-4189,-2708,-432,-370,7312,-641,-2281,1389,1301,951,-8667,7486,-7759,3502,128,-2192,1392,-2804,3429,-1333,6870,-8520,5573,-844,-2860,2577,-547,-2703,5436,271,-2820,318,-3130,-320,1588,-568,-409,2965,-905,2011,880,149,454,-6305,5505,-5465,-116,7749,-8181,7507,-8507,5153,1469,-2216,367,-2152,6049,-1400,-5358,4038,252,-629,2748,-6982,1678,-411,2868,1559,2344,-5606,-3502,3028,2909,1144,-3286,1051,573,-568,-113,3557,-2236,2603,-8758,5006,-1039,-261,-373,-1243,5844,-3340,-3070,771,1241,5599,-5599,-3673,6044,-3231,-1509,6024,-2173,-3240,-127,2338,5179,-464,324,-3946,3350,-1442,1935,-4853,2639,1940,-2153,-4207,-1382,-383,8905,121,-3951,-1193,-2684,5997,-4787,6211,-1041,112,-5669,6837,-1647,550,-201,-8419,9759,-7225,5517,-4959,337,2325,1026,-3856,2782,-1586,4720,-2454,-3578,687,-1559,239,6293,-2551,714,-6254,3783,-1760,2999,996,2666,249,-1353,-7840,6930,-3301,5379,-5453,5890,-6259,-1978,-378,7084,-6941,1184,-587,3842,3742,-6236,-1103,7649,-5729,-824,1553,5372,-5394,-579,-3526,-222,7783,-4270,-173,-2253,-1088,8316,-4691,1671,2910,-5990,387,3257,-5791,6912,-4589,4187,1465,-2414,-312,3788,-931,-2648,-3854,2491,-667,688,1014,-3212,23,2991,3482,-5127,6208,-8357,357,892,6142,-2344,2124,-2225,-5992,9395,-6847,758,5703,-7606,5601,897,-2799,-1859,-3458,4835,-1363,3377,-5069,-1836,2720,-1960,7451,-4089,4578,-4079,622,-416,-1636,2861,2451,-6793,7649,-9069,2988,4221,-5317,4017,-791,-552,3357,259,-6502,-1032,2751,1126,946,1785,-4517,649,-3568,8087,-6702,4952,357,-5056,2093,4713,-6864,2929,-2423,3166,1241,-2212,3930,-6057,-751,7010,-1698,2868,-7833,2282,-2987,3523,2366,-5623,3219,-467,-598,3086,-4362,2898,-5362,3196,-2004,5627,-5021,-679,1767,3863,-2679,-592,3006,-527,-2156,2969,-689,-5828,1559,3417,-883,740,2625,-5727,2265,3236,-4992,5404,-644,1219,-1313,-5482,3043,674,193,-3561,-1861,7189,-757,-587,2668,-2810,2845,456,-6951,1745,1396,3190,-3567,1342,2975,-6346,4872,-1913,2854,270,-695,-2073,-3927,-906,1988,3455,-133,-5099,4493,-3717,3647,-2513,2668,2596,-4357,742,-3115,7112,-2683,-3535,-271,5535,859,789,-6511,-2949,-68,2865,-1631,257,1505,4300,-6295,-723,6782,-6533,2670,-1766,-1514,9677,-6602,6123,-992,-8266,3655,15,-1388,2982,3231,-6398,3027,-2331,2552,790,-5870,5068,1041,-6149,5391,2800,-6867,1335,2622,4253,-7015,5164,-6380,1139,2316,3560,-2656,540,162,-2953,4243,-7222,5356,-1588,921,2492,-2236,-3992,5,-591,2847,-1114,2200,-229,-3900,6883,565,457,-4564,1647,-4532,-982,4206,2848,861,-65,-1230,1136,-6632,1355,6211,-6814,5872,-6059,4339,2432,-7268,6578,-4761,-1943,1716,-3054,9516,-2676,-5452,3708,-3405,-727,8034,-5242,-3142,4805,3859,-6023,3307,707,-2068,-3773,4575,-2250,2784,2831,-8595,5425,527,-5249,1877,4212,-2617,-287,-125,-3179,2833,-4403,5573,3135,-5049,4345,-6396,-1019,8855,-1581,-4797,-710,4412,-3207,-3431,5490,-1114,1538,-1855,-4138,2851,6126,-371,-660,-7050,8027,247,-1461,-1515,706,687,-6793,6704,2115,-3701,-3197,1268,1227,1404,2261,-3997,-2392,1107,3341,-3180,6063,-1448,737,-4440,-1946,6187,-4418,4383,756,-7830,5396,-4484,5145,-1775,475,-1553,-2592,2225,-3235,3279,2300,-995,-1456,4632,-5966,541,6153,-7763,2450,-573,634,-1404,2224,-2114,5278,-4814,-147,-1198,-2485,1001,3515,-587,-639,5613,206,-5460,-2713,33,1377,5039,1461,-7273,-1542,4672,-2048,5177,-5011,950,-1720,651,4513,-3595,-1910,852,6422,-2675,993,-5541,7710,-7486,4066,3130,-8440,9046,-2782,1482,-1858,-5780,1438,-2225,7944,-3424,1200,3974,-7657,3108,-1740,-3448,4313,-3111,58,5222,-326,-3305,-2815,1668,1824,4556,-898,-2986,-2825,1964,1019,5530,1,-5838,-2913,8559,-5985,2666,-1287... 214488 more chars
