class Solution {
    public int[] arrayRankTransform(int[] arr) {
        final int RANGE = 240;
        final int OFFSET = 120;
        int[] dict = new int[RANGE];
        for (int num : arr) {
            dict[num + OFFSET] = 1;
        }

        int rank = 1;
        for (int i = 0; i < RANGE; i++) {
            if (dict[i] != 0) {
                dict[i] = rank++;
            }
        }

        for (int i = 0; i < arr.length; i++) {
            arr[i] = dict[arr[i] + OFFSET];
        }
        return arr;
    }
}

//runtime_error:Line 7: java.lang.ArrayIndexOutOfBoundsException: Index 239338 out of bounds for length 240
//last_testcase:[239218,248665,303220,-12045,-177722,182109,388264,-81449,-152614,-410271,460956,113659,76718,-287451,-218992,-324449,293314,-19799,290116,271619,-472746,-371667,-468360,307943,266602,-401487,-156756,-3829,-95362,-333643,343584,-123729,411410,214393,-350508,-48621,215974,271037,-341368,-271945,-78534,255553,-476036,-463205,284430,60101,-274256,87999,162978,-162679,-350364,234147,-144330,-221875,-440744,-380921,429898,-74991,266316,-466709,494430,287893,-210304,277199,37042,-490343,-52044,-43533,-59450,260509,-151896,485015,246106,-18463,-375012,330235,-495314,-305371,-331760,406111,133314,216297,172804,182915,320918,314349,40440,206247,99434,-236239,9452,259019,454910,-270731,147488,129199,-36078,-35463,-424748,466387,-213082,-160963,355464,205367,-237190,-401663,277692,433499,274894,-303739,48240,-247681,399714,311305,259428,-465949,118006,58445,101016,395463,-95350,261265,-254644,-486613,121502,-420267,-138752,249039,-440398,-441127,-249996,-312397,-67706,327901,82536,426647,347738,-67679,-454308,-104773,-240722,-284571,-301616,-106273,-394430,221161,459332,-233469,141654,-367763,264632,172967,56554,291057,52652,-244405,28542,31029,90720,99439,-210734,-186759,-53292,-159981,-440026,223805,453256,480439,-419270,191297,254012,175771,-413682,-26939,-252432,-441729,-35806,-160439,312996,-291549,485814,-181491,-483688,15367,195274,289105,-484084,42219,191134,194005,91072,-67697,291890,97177,-57100,-182349,346566,56925,200552,106839,-366886,353313,85980,-334085,357934,176165,202448,152351,-187070,-272535,-149180,430659,-436714,438573,388920,207335,220074,-220687,292844,-212725,-191618,-180427,407328,241583,-427374,-256135,127764,-199469,-76314,441405,-74360,-93001,467258,380801,392892,294171,-73650,254213,-472784,383295,-237726,-339575,-224156,384803,472182,-239603,-101096,-95097,343114,406929,76236,-378901,-192034,-399467,-163776,8591,-11022,-62951,219060,-237133,467526,-112291,-491864,-122921,384730,233057,44380,493115,160366,-255323,-387952,262623,-101118,317033,253316,-416765,151254,188333,333944,322215,-298390,106609,-479380,132619,-437250,50741,449056,-358225,311762,-200135,81620,-63789,353830,303357,405000,-288713,-419846,-405183,-346756,-286949,380110,234373,-39440,-384001,267170,71177,-65436,-382493,47798,197901,186584,-124345,361546,-436015,-275444,-336213,165214,55957,156928,100559,34610,202265,311924,442355,-440186,362973,-3992,-406377,-236198,258017,-364196,-100677,340206,-48411,39632,486175,367170,354089,22724,-68605,-439338,362541,-424072,381927,-146774,-363855,134764,-287221,-91330,21109,-104096,-16209,168018,-176583,397140,257555,-227034,-190851,-454392,233527,-75910,-192895,-279364,39067,-439410,-13755,-366288,-495233,-201182,491337,318436,77539,22710,-212851,146520,-55929,-492726,142289,-65396,-377045,244510,-149675,-21056,64591,-33166,-377831,-383820,-28365,224518,-57315,377896,497751,162778,-369951,278812,118523,267310,-137435,-43568,305311,225538,120809,-9596,-335293,-150826,354157,382456,-157721,483818,-150415,422956,284555,335998,-266315,490656,254959,467794,414969,-446892,246675,247654,-173891,-199800,-140489,70394,242817,420796,-264741,-174322,-386235,-128144,-256257,468578,-497719,-252892,-254237,294006,-17779,141848,-499321,-402742,-454767,351308,-89749,-346722,-450283,148480,-301681,201394,-360423,-192012,-397837,-238778,312477,103016,-300009,394394,-328351,-153060,374715,192686,111077,-17328,47775,45058,-172439,41860,452547,474006,-255699,-104392,394663,393066,-186639,466668,283467,428990,198773,80672,-9425,354962,287929,371348,-52909,-198490,-199747,464840,131383,-50566,-180031,266044,-490213,-457074,-410171,-56848,-353281,318178,161737,227236,-23837,317622,-90419,64344,182919,-262902,8465,115660,-125333,-184354,-213995,-402752,-60465,-251022,445529,-110924,-329933,300230,39453,-264856,489943,46874,65377,313308,-93957,-296914,-245595,189328,244319,-308222,316201,228420,-45501,-334570,114669,468664,494183,-386710,-451215,-357524,-434101,419454,-433227,-3680,36911,-88302,374137,-344428,412435,197350,148925,-455480,327543,-36614,105921,-266180,-50853,-332146,112517,-355280,-4353,-191518,-33207,12196,421923,169782,468813,99544,399751,46730,359249,-281204,317675,362718,494165,-89664,-250161,-476750,126041,-433420,292339,-452730,20253,-2136,-237865,303578,-76831,137948,284155,474350,119461,-269040,464287,423810,146537,-349564,-175805,-229866,174957,-194568,-69913,276138,-477199,218604,16267,-406466,448501,-468384,-179793,-150126,-473095,16980,259091,452006,-422723,486216,-49289,187450,-353791,480252,16923,428174,-285307,11504,344959,340258,-218295,359012,-14301,193398,232525,381720,-397817,286282,431761,-265524,376043,-353762,-179179,-19392,190223,-82062,-261031,-212300,-373069,474118,-339491,415400,210199,196954,236833,-487332,208251,482414,47973,-286384,72031,267010,-201175,109636,439363,-212394,262509,258360,468519,-352278,35121,-102036,-488245,152382,269749,435488,255023,-253102,-253383,-408492,-99053,90342,296829,488264,118967,-246022,391681,-410500,362395,-225074,-282555,-207120,437759,-122974,-258743,278884,269283,-180874,-132595,222808,333383,363146,-220975,-284468,442667,-109090,241557,-285120,-171249,-354894,-95527,358772,-444045,366790,319197,72808,-434793,370906,61857,40220,444411,-300498,276965,-39088,183263,138178,-25623,-42108,494915,333142,391341,-44552,-117721,-455766,220145,443628,157387,-72194,-450443,-112736,58287,152338,448249,-229292,-16045,161702,131645,-242936,351991,447226,134465,76412,77787,410638,402501,39472,394111,-43038,-397623,246116,79203,403126,492877,300120,-310457,-291382,-148079,240588,-164629,343198,267093,319168,143951,-56462,-84071,382324,142323,30854,-63843,129832,267671,-76902,-480287,-400292,71931,313454,175333,45264,-134177,-43646,-219671,-13244,19267,474838,-74515,94392,-171737,-278294,76529,-18516,-146677,-222658,240885,-188384,-347537,73106,-321927,-195564,-209453,455974,298493,302152,177975,-140294,109377,177020,346907,-236466,-7483,120752,412991,420450,-117815,-233372,-102749,237430,165453,20824,-276409,-235190,132689,311116,-478869,259294,-154795,-60480,46351,99314,178969,-266316,-401933,-281210,-499619,-334616,-336553,283482,-217951,266972,276603,-345874,-274267,-386608,55839,-48510,-375767,109316,381379,279830,68397,-288904,-95001,-81942,-187855,-421012,-426741,-267586,-26891,-285408,-387089,490962,-322055,-168876,459027,373158,-377667,-170616,-67529,294266,-381887,-63620,-426085,77646,-116283,-434064,288383,90210,166537,-75868,335459,-165386,371341,-431016,369735,36298,-279215,309324,175019,414366,162773,-244928,-490801,-459214,-203239,-258636,477555,425670,-17763,56296,472791,473242,-379615,95068,41403,53550,25765,-163952,216031,-190590,483561,-93948,-169021,-187754,-80915,-134216,-357081,-496022,486641,299564,-498677,257918,110837,223392,173423,370066,67321,1940,-126509,-166426,407293,166856,295607,399994,24705,162172,-273061,282958,-107643,-314128,495679,22562,86793,100260,192547,282934,455757,9560,406343,-244662,-262447,-197556,-342869,377246,11157,-269504,-412785,364530,159257,-376652,22579,306822,59805,-137496,53463,237466,-262111,-394148,130939,496366,-268443,-316336,-294433,51074,-432343,-370172,-49277,-83434,-492243,-118728,19431,367594,495857,-202324,388619,-43458,173365,113184,275759,-383534,368825,272340,87123,6886,-54467,-128056,59895,124410,271553,-177092,193307,39630,425605,-130000,63359,239330,431241,-411612,252323,62454,-420467,314904,17415,-89782,-418543,-336436,239979,453726,-462891,-377088,-32305,-324558,407705,374260,-22669,329862,-235939,130344,89303,32858,-102495,-426404,289467,98478,-367771,359440,425247,25410,-51415,69124,338563,-211498,443821,75064,130471,-302486,246321,359020,329995,-286722,-382091,-78752,-95505,-86638,26553,-213036,-193005,-490138,453501,55752,-342665,433018,-408063,-126340,-413989,-364978,491589,256432,487679,-42718,45321,-339676,284643,502,-163635,292952,381511,116234,-340015,-326388,-351253,-475106,-130155,229376,144079,270130,-40423,260340,195443,-138426,-60707,68392,-347305,207386,251745,37148,166651,-369810,415461,-497072,412319,244290,299369,-359548,-15421,-453866,190701,363320,-407129,-176918,198065,-460500,-247157,286014,477749,-434272,-205329,-362478,73593,68500,-214509,-273050,196925,400776,-321609,225402,-413951,122044,-113189,-58034,-142459,238576,265087,203746,385417,-486364,442595,-225290,3469,439064,-372665,267594,-387759,-426932,-387093,-227682,-361643,-273472,-384049,-316110,153945,463924,-315469,-299642,-474339,-458584,-329321,-109798,-161631,-376868,-88261,107182,-411547,239120,-481953,-236798,59561,-115132,-321725,-420778,340653,367096,223719,-447766,-426063,-90900,-28213,10238,-20619,-429152,29359,414674,-281095,367124,-268013,-146458,-13891,358024,35639,432826,215489,444796,-445669,-7090,-263099,420848,146815,407778,462729,224996,-52829,208182,263885,360152,325191,-48694,-472623,-286580,-406741,14942,-219051,-32448,116943,-58318,-228199,-192972,-191245,478918,-389667,80360,209239,-56678,352161,-384868,-138309,199470,183845,-434864,-449633,44226,-370391,344324,134787,216854,166829,484408,346855,425450,-378319,72044,-465141,-393986,-7307,-79328,-90257,436882,166457,-497900,-424685,-356570,-314947,101064,-16201,157178,-340927,191868,-415781,-361970,-258171,-256592,-224129,-197662,-40375,225956,-248477,-249546,355469,-15080,-96441,-285366,87377,-224628,20011,-471458,-79275,-462016,363151,222130,-145767,-264012,241651,-485882,29917,420136,727,98202,-202719,-440612,-373189,-158546,-422235,-455280,-38433,58050,415529,491204,-496573,-284458,79149,369784,-193433,-278614,293169,141932,110219,-191554,-63307,157856,387503,-298606,435193,363412,-191533,303910,-66307,-68728,460215,-352518,-190911,451260,31899,240270,-358459,477104,-448769,-342494,408265,-487964,-490141,335606,21837,-463720,145415,-124790,224849,-313908,-447317,-461282,175125,-169280,-281265,447538,451993,133876,165555,49542,-166499,-235288,198295,-214886,41761,-175780,-86085,-221394,-451995,268752,377823,-336702,65705,-434172,-380413,228886,-269523,302584,159591,-246358,418929,-484180,-327093,-278850,-55243,492960,-20881,-68910,-179847,387284,5715,402214,-52163,348872,-195785,-285830,265345,-41668,-274661,199694,-322491,100528,-222209,-456926,438089,-364572,-200413,270838,234893,323352,203591,-120118,-206319,255692,-252501,69534,310357,-385664,-159345,-144334,-117351,-323468,-224013,-120954,-283555,-87768,-303209,102746,380193,-114020,-456133,-445138,123685,-343216,-173665,37634,-122263,48452,403779,294806,243245,-409352,39975,-446102,260081,108204,-448053,-194178,410357,-270496,434159,182738,-425415,-121644,-496749,-345754,271805,-153080,-320841,-156550,-101887,-72388,-271589,142286,-454715,52336,480767,174434,309385,-151388,42723,-154698,-434227,-169320,410759,54666,-35823,-146036,144619,492062,-218603,-385280,-76593,-6222,11033,-302732,259891,350022,61661,180008,-255657,-475430,40673,-429988,-149765,139246,-5339,-98608,77855,-128510,457513,499588,-39293,-445354,388525,234040,217959,324458,185265,-196628,115019,44542,-229579,-350624,265903,195154,-183751,-38380,244883,99558,-49987,-29752,170103,284538,-490111,124732,-77477,64014,260101,494832,-419777,-184094,-104055,154084,-320029,-185930,465805,454040,-210553,253450,235729,78220,-30997,24286,-449323,-365824,139599,-375502,-475623,-225484,494835,-215290,438877,176616,-453033,152282,66337,346844,-343749,403822,-401755,-422832,45855,81154,384233,338756,-64573,393430,-68819,-470664,-357465,-433302,-5071,27436,-402165,-278210,-163979,-283040,434095,-395566,-402503,-396908,459603,-484186,-334915,-459896,485687,9210,29953,232316,-199013,179790,204741,-180816,-281089,400226,-374007,-77404,196771,-432010,-215731,33048,-480057,-115062,73745,234828,236203,270110,176085,-115584,-394737,414642,-196647,-458636,449331,164998,-57891,-208408,-82153,230682,-23199,-105636,-68677,49838,-88859,-417840,-218913,-297982,119977,106756,455299,-318314,194157,131192,280807,-336342,3441,-335380,-23605,-480770,96885,348256,-348945,60626,-149639,361364,496851,-337818,-431619,-221624,148535,179322,202305,-499972,239003,-249586,-24827,-434704,214911,-405150,-128183,-285852,-392093,-289482,-113779,444440,-91385,-156790,355857,83724,-322069,166750,-336939,281792,-448753,-259854,413593,226356,168499,65862,-388963,467688,-137641,-212518,483425,456860,409787,-239634,81893,464336,-185953,-473150,-274327,144452,61507,-225770,-407443,408056,371239,-88086,-377551,30380,235979,-131330,291701,-275680,99375,-367342,-352199,-118508,-218605,361318,-47811,40264,155959,-202438,80001,266492,-474405,103246,233797,159280,-446785,-318174,5321,14180,291939,-368778,266509,491736,306375,45578,64785,444300,435115,-173410,243989,121536,-436529,-468558,214105,-144844,-173197,45766,-149603,211688,-451177,268826,-389471,161628,497339,471406,362405,-439472,-117473,64386,-495767,-407100,318595,412438,-33619,-270280,-181593,-410902,438129,-411092,-256821,-345410,136821,345248,85615,-378606,-493063,-159724,-217005,404582,-8963,-263992,254903,-392262,-386111,190012,331739,-243186,-312635,-256784,-371905,-155230,5129,365924,-267997,-462602,-233267,27736,-223673,498314,120913,-41332,-323221,73438,-263915,139008,-373425,-9166,366809,327348,298291,151750,-266659,-228376,-48745,-467558,-208415,-332388,-337669,38190,7717,347152,-495201,194370,44073,-263548,213827,-403242,-177683,470392,328615,379626,-79055,-196692,299019,-496386,-167243,-300768,55343,-401710,-13319,478484,-125869,101414,235261,-351032,69431,-97862,11649,238780,-252261,331214,-31227,1712,203583,-13790,-11127,-303132,-137629,412534,373645,-127016,-470329,234186,187153,418828,484523,244766,71637,11840,-425905,401330,122649,-61772,159859,-99194,-124451,-374872,389911,499866,-312287,392284,377723,-309778,310629,-3632,72735,-268542,491817,437252,-499069,25942,-46291,73016,-313433,488490,-118479,-76180,-125429,-368642,223349,86496,269743,152402,13625,-175724,162835,-318298,-243139,41928,345655,-299398,482561,-14468,-56869,-379378,141445,242224,-7361,412322,296649,96100,-24349,-103050,139533,381144,-17913,92426,47185,213388,-163349,216286,253461,-429376,-338033,460146,202393,403444,-233293,-135482,-351779,-430360,-174761,89306,108769,-255588,-32709,-156242,422629,486928,-21409,-53310,-41943,355332,-262845,326166,-468627,-162440,-348505,-390742,-412943,52332,105547,295294,280181,303200,277167,180946,377337,209492,294867,112422,-490179,-16888,450743,112122,-9279,-34628,-125861,-233714,-444539,64304,-437313,351906,310537,-74012,-24477,-387466,-434035,299928,154567,460874,-386159,214860,497835,305950,418069,-39232,-284785,270834,-437927,-164620,-186061,-44218,363549,335016,-57705,438618,8545,-270116,-389381,-420242,-131931,3728,-396961,137986,-339223,30148,356931,232726,-228499,-100040,-315801,58410,-469071,-384020,-22069,-193666,250101,275168,-57169,-330862,-292039,-386284,-224749,-99738,-316035,472520,337719,361338,-417919,-446916,-45157,-211506,-140347,-314000,-407809,319202,-175095,474916,15395,218870,-29427,451096,-124281,-341046,460689,-80308,421035,-349154,448149,-304256,-385329,-348558,136985,266164,457267,-470010,-23395,-8472,34519,-187366,-360735,166364,291131,-6866,-405083,373648,-407329,316098,-236503,-464508,274563,-447722,-157331,-195208,-173017,-85270,374705,189740,489163,268734,-324555,-361504,-257489,21842,-398535,316820,340435,-298842,-125827,404872,-111497,-104454,374145,-344324,-71653,-17906,468165,106160,319935,-143262,66889,-328348,51363,85558,302349,-346024,491783,-178422,-151919,457164,-340565,-439202,108821,-379840,452623,116850,-215143,-96588,456819,-169850,196893,-340696,225495,499418,167457,272284,443259,-364178,483621,424976,307743,424898,78953,456196,341507,-465578,135917,-153608,68903,80682,208497,-75092,492747,-119938,-325131,-2848,-247121,-57198,-431687,309396,361747,323046,377917,241736,209783,-482438,339905,174908,-234533,-167602,474437,-121104,-441601,-314462,-387575,463268,54755,-46474,423565,88600,317191,-122870,257681,-496500,-483925,182494,-416939,-362624,-132273,-237966,-202087,-404236,-255565,283526,258397,277608,-325289,246106,-320031,-13092,29819,-67922,487973,345424,434591,489858,442089,-51388,165251,117718,-422355,-194312,123111,51306,-333391,-152340,-300469,494718,195957,-59872,200751,-438894,-443591,475668,-173997,-210522,425213,-1528,431287,290618,166721,-482180,364251,-474610,122373,-338768,-420993,158626,-30199,465828,-259933,142710,-106867,-459368,-243897,461898,-265839,-129396,-124245,476382,-88491,99136,144591,212530,-432679,-184716,-589,371142,123549,-45400,-469865,208346,35489,78940,-73349,-22738,102181,463056,-267873,441026,147369,170308,-467005,-200106,-14803,-450568,205223,-468246,-5647,-420308,-387125,-112450,-219211,-298464,-426769,337682,293433,-87212,378643,-483482,120061,194376,47159,-273158,-247615,-146500,376283,275278,-396539,292464,-467393,375714,197065,-11804,-151325,454710,-57907,-225768,-206137,-308470,-211567,65420,51691,-138978,336149,-341248,54479,-7054,-41511,-212940,341107,385862,178077,225320,188119,-395750,166049,-272164,-291525,-486994,416677,-460272,-146337,264002,-315159,339396,-2813,234454,-211731,-414792,-413785,293802,65969,140332,-162933,-148290,-81483,-20000,-108625,362834,388153,347924,-287533,-369690,-429955,-368696,22583,-389702,49729,-107460,-49189,-332594,-279739,-277328,488767,146978,65609,-289244,239331,484214,416397,-436328,287239,-453622,-198639,194124,-168149,93342,-448491,-426048,-62961,81458,101657,-322124,-226573,-249658,313117,33640,467031,442074,230689,-311524,350139,-285778,-9243,261008,-78497,275266,255465,-102332,364547,-401450,-491923,401784,-96025,-227798,193009,-461460,70091,307646,130933,195936,-384529,388882,40633,-342700,288915,221222,-34563,8904,308023,225786,184897,214844,-259621,496078,202757,-55888,465279,213858,189449,-104796,14563,-49226,224397,-458792,392647,-226422,-303087,108812,75179,-175010,51605,-240640,188239,396338,-274407,111412,-147533,-49082,-82339,-116248,101847,-331046,-275807,-294372,-390213,459886,199781,-5552,293983,228546,-336983,265284,-368957,194070,-284243,-19848,-320409,328234,118321,-410004,-210549,368638,-223563,236960,-439633,433106,179961,-294892,-410541,-352538,308669,88456,-237833,255738,368769,491580,-197413,-238578,164805,-497424,271807,245346,269641,-436380,264547,-146634,-334131,238744,472583,-22774,428497,49932,-336405,-472674,10069,350528,-431089,313010,-278887,-266892,-460237,86150,247069,168808,180695,401882,-416671,-212708,383931,256942,373669,1744,152351,134082,-367575,433860,-155197,379990,86125,-264520,-475929,-129942,-395663,475820,-317493,-29570,-331659,23200,306671,-238830,-415687,75796,-169133,217958,-323523,-120440,485687,-382022,305601,128508,-101925,-22578,-320955,-275280,-339969,377442,-489527,-220508,-156829,248054,94477,-227240,-127353,56010,307089,-367924,245483,239838,-448875,-212480,481359,214194,-265191,-477196,-269837,484422,431069,311016,-325929,-187558,272545,401692,-78085,335982,295781,226704,226207,-381566,340585,455044,-371837,-477866,-301075,363960,-158681,358890,-177935,50604,-461941,-281602,268725,131488,-221777,274962,-177159,74068,-53293,-27802,181693,-217272,-105673,-372358,-228351,-102468,-95141,92366,-302139,220720,-68353,-29342,100361,-132764,227107,294774,411469,16152,272263,93450,39185,-39732,42667,265182,143957,-321600,-147377,-259022,-399335,-336204,53875,-457402,17629,-400152,-201321,-275174,-58399,-465572,310715,-207058,328869,275216,-355361,137346,-14679,298756,-451133,453590,-226963,-130632,463015,-123990,102769,224428,13515,-80450,-51019,240864,-165457,-144622,243641,-245164,-490797,40102,428349,-265400,-377929,393146,188801,-414724,418459,123790,487493,-148560,-37313,-216094,-32631,-418076,25891,-399114,66701,-414504,428999,497226,7889,-190132,-67605,-94114,-178283,55424,-3953,-234894,288985,29300,11059,15942,-146851,173928,-273641,-177062,241889,-140708,409531,-31954,167845,349392,-298977,-112958,-10199,-469756,399043,-366506,277741,261048,-238425,313514,-136463,-487956,-439413,196286,-75019,243168,427695,-88686,-134983,-453804,308307,146342,-145603,-109496,10423,260154,296641,-479364,-414629,-37554,-143931,-436944,19711,-123230,-279991,425508,-478749,38262,114829,21272,-27321,-250742,-391151,433036,58603,-32418,-127787,60096,-444145,387442,162585,319156,-288909,67718,-238435,118760,-221609,98586,-330271,425372,-95237,334574,226405,8592,-121633,-49342,340649,162308,-100605,341014,143533,148088,488103,68714,79985,162540,-229429,-23362,-246795,-478496,189999,148370,-104135,316308,-410477,-172314,-194243,321736,295415,-78534,352769,-252676,-330021,155406,-123451,260592,376383,-163166,-205495,280804,166563,-298186,-218291,233048,151559,-3190,262993,-470324,304939,-203618,-383979,-383296,-456497,381234,-417447,235188,50675,84486,-159459,350056,-469865,347930,-200799,-419940,440635,483886,158821,88848,250591,368770,-431575,-334268,-130493,42198,-55891,426296,-32985,-209494,235121,461100,-8501,-382338,-125195,429088,87535,-312430,447289,-193004,-489069,-435098,-281731,-29688,262967,-423878,-398079,-69316,213723,208334,-183995,-339664,401087,-409118,217609,-12956,303715,-37962,-344947,50136,-311673,483402,-270959,-210612,-201685,-165090,-169579,183680,-102065,-48654,119641,20020,481971,305862,132445,479016,-122345,159450,-193311,338716,29947,219630,264293,361424,-236961,-137406,-455575,476548,-48957,-270506,102573,-112456,360359,-392342,309489,150060,460491,-74050,79349,-404640,-424785,-466990,-440391,199444,254739,-342554,304445,-127544,-394825,-229766,287297,-149700,-76261,270222,438341,-383120,106367,414370,162569,149220,149219,-222090,420493,-135784,459463,-313078,316881,-94772,273899,411422,420309,21440,-161841,419954,221721,-60364,429107,153798,-48739,450280,441239,321562,-229343,-197220,-282053,-115410,396133,-446000,-200417,-189822,-347479,-102332,-22077,11862,130605,136824,-177753,250218,-137423,304364,302027,156222,-335947,380704,422255,394642,-394695,97684,161939,473126,171645,117768,388407,-366598,481665,204796,-74405,445518,167685,56624,467967,-274590,483145,-3100,-194717,69430,589,-190760,-71609,-266934,129489,-242228,317035,109406,-468395,496704,-25841,-204622,-456679,-467084,-29645,398790,-117219,476328,375191,-166502,-488287,25820,-417157,-465234,-307483,-254128,-303969,-52350,147113,-77756,-147069,185942,3693,-335688,-380697,-75350,475505,313516,275723,-349698,284341,-356320,145391,-252718,451705,-116012,307667,263846,-487939,227912,328759,435194,-283455,391612,-119781,-40178,261829,-4240,-478017,-49758,246857,47716,333091,-495114,342221,-242920,-139641,-134006,-431535,481548,363051,-205026,206741,-120320,-469937,161970,460249,87476,33075,-385722,-1123,489704,-94377,52378,-148319,289052,-487941,205102,491429,-186160,2399,136194,-345751,32708,-438141,322710,-281811,475512,158503,336170,-203151,-228756,-151477,-371906,357045,263072,-386129,-266286,426233,197972,-231981,436134,444413,94344,-490057,19130,49921,176892,-418085,-419506,-50939,205232,359167,167394,-149303,-210460,-202717,-412362,108237,4888,-494009,284682,-164335,130060,384939,-197282,-133611,342848,43919,417074,60825,-333388,288051,-132090,-198371,-280,131735,-99558,-338463,-241700,-421893,208878,-97051,25680,-276897,-144446,-390743,243204,-39549,-414506,-126355,-271560,48359,-331158,166513,391084,-200821,-173250,-41099,180320,297455,-189294,37369,337108,320211,-237338,-128067,-342648,-259273,472442,429825,-373700,-31781,429710,-236731,18416,281407,351394,-106231,-329564,336611,-100938,330061,192280,-271737,-165110,64337,149900,-487253,-141090,8981,-19392,51279,33330,-87463,-112972,8051,-191034,110685,-236248,430039,-316902,-27871,85596,22523,-128402,245093,-111472,-57569,-43390,-362007,-336444,-433085,-203946,-175379,317944,-328153,-378198,-93775,-165396,-497589,104446,-174859,-438944,119791,-442926,-178439,-374444,18707,302502,386493,2952,-140425,52026,-333183,-254212,176219,-320050,48389,481136,-465473,389346,-418039,453988,-296349,-428810,430413,64664,-64441,260426,33297,-463412,219563,431454,-295851,-78592,479823,12594,-431783,-142348,404659,-297722,-227491,-270872,288983,-24358,-326047,-193572,-171845,-66642,317925,470032,-127521,-270974,-339543,-129788,-158013,-382122,24365,-438984,-243225,123434,-146767,-66644,-226805,-244994,440885,168736,-319633,41042,-93639,392596,-76909,153446,-72963,-199736,-146953,87738,-6335,185404,248667,422734,-424891,47792,-135297,-120030,-352759,8036,381731,69878,242189,-222760,-447929,418122,-400879,210060,406571,448350,257045,-185408,418639,-414350,-423335,187252,206643,172742,-128995,363752,414999,-162662,-386207,113564,-303621,209262,-89115,-476208,232479,350402,-329303,34884,-312253,13654,464301,44152,-421593,287978,-375887,-207060,-395829,461054,399477,221664,-174865,-22702,-44871,38228,402579,476710,-398787,-297272,13239,246330,-389247,-78724,210011,357006,-434811,211952,259455,-197086,161481,11940,462307,-842,382605,-455272,215623,74698,-492079,464716,381803,159582,-365739,-147776,-134705,51314,253785,282420,185779,-497274,-218851,-153944,22935,205914,-299999,-123812,-295365,-169490,16485,-138864,324127,-173886,-287895,-163324,45507,-361962,-392467,391416,-289305,425130,-316303,-202708,284555,-108418,280117,463520,-343569,-498350,133625,-361516,413907,-271386,189629,482504,-432969,65914,-235135,-265028,478555,121870,-464443,-16784,-342465,224354,3209,-54492,269987,-455370,416781,313624,-64249,430282,-366959,152908,463403,308382,-21739,245248,377103,-295694,-70887,271156,169203,-251962,143453,-127320,-349673,-9190,-122591,-325988,-143941,-397458,372645,-233136,210271,-118526,-460951,161604,167555,11414,463789,409464,-21337,-453846,275377,-396756,386827,-10562,-489099,-21664,254255,-498286,297721,-1324,-356397,176678,-276099,400456,-186313,471674,329217,455420,-131237,144270,-382715,-41552,-306433,347746,200777,-34332,384547,-270474,-467251,108760,-99449,-237430,-94959,129356,-160853,-147106,231701,-151872,-204081,-14158,-164839,36404,-292813,116422,50845,433512,-157737,-57574,462689,42524,-185669,336750,-246363,157520,-411105,416962,-17623,-231420,183427,17942,-91091,143992,-179737,-321366,444209,22508,56395,-59970,-202955,-228000,-160209,381586,-317191,279700,-348269,168614,295037,424648,-88393,-6022,-33727,-60996,-177509,498894,-427131,-12176,-272129,267618,-346167,84068,-383517,325494,318477,-12520,389319,-94262,-1967,-57204,-259541,386462,42133,7744,197071,-1806,201177,157748,369203,-211258,366237,52840,-352041,-237478,199585,-212324,156475,-357906,130341,-79920,-457569,-168254,-404759,220868,314435,139798,223725,-91336,418279,-413334,-292495,-478612,250059,-357442,81973,256032,-193489,113426,-207431,329812,270995,-370010,-324803,404552,365367,-169734,-382975,322364,347355,426702,494341,-488784,451519,201378,-390135,-4828,-19357,-216394,67789,-383912,222983,320970,-220911,181388,-316373,170142,402261,-67648,217167,15602,184857,-426956,-112781,128390,-68387,-32792,-361321,482970,26401,200156,315771,-468434,-343195,353808,13983,118210,-4887,347588,-179901,-356522,-197843,-474120,379943,-289814,276913,-95188,266699,344510,-122443,189600,-45457,-321902,95097,-309420,70867,309094,-40579,244552,-109129,-442630,312769,-81284,-336101,-318066,-60475,-281360,-10369,-428382,312201,-327068,-67485,-370698,-431347,-441704,430407,-235318,-294255,166220,-249045,459550,-134315,399872,303439,356978,-230183,-153164,-172877,-216634,-224355,-450008,231703,-439718,-205791,-90276,-331525,244334,-987,-177392,346911,398722,-332823,-312444,-297213,-332906,-49811,-416072,339431,-132950,-111759,-135060,340107,-131330,329525,404256,58543,-337710,-413063,-192236,190675,-47194,205565,166216,-101513,-449862,-67903,-448132,-497253,-457266,196997,215088,-431233,-300702,110729,448484,32675,462582,-388019,98456,-245561,-499958,-355567,-344052,-491861,-252322,-359979,48128,95695,64050,5849,320308,334643,-388026,-75747,90408,83159,247002,-192799,-462820,228475,-343762,187045,-335280,-210593,441346,-372759,-5564,-37757,93974,-153491,-206536,-166617,-173334,296305,-366484,345419,-169410,43061,127008,-254993,-42158,366905,-463212,-456813,120742,-9795,17416,357495,379130,-118591,-215748,-64421,-498034,74181,-432336,-243073,-227742,-49847,-53404,8867,-423498,17997,-257512,312903,-163190,35217,396,-38741,139678,137685,187264,394895,-60878,-365735,150580,341555,160774,319453,12776,455383,395418,441377,486108,-198085,419822,179109,310672,8543,-363006,-30999,-7292,-143037,-475626,259053,-218248,426279,-341462,370097,-254356,229515,364414,465269,140704,-347153,-445102,297977,-305388,329747,-402714,-197571,-196728,-10249,-361542,200705,-252356,215003,-166898,-186363,-257232,-259649,280098,338313,91748,263395,249782,-357491,-246824,159367,408074,238545,491660,273771,15134,200725,152768,-433457,403826,-61671,464052,454259,433862,-499043,-338520,-112169,-143654,108193,17372,-90501,-327314,-8795,-51696,462239,269826,-117463,452,394755,319254,70509,496248,-168985,-327446,211569,204204,31243,-20802,247861,-146144,-267793,221330,329785,-128236,-287917,-250970,178685,-136888,-461833,-299270,-80319,257084,5595,-105522,-108283,138672,-339777,149218,-30967,-75548,51811,260470,177869,-119528,41159,193098,110353,-357492,348651,453470,-299051,-152640,369935,405618,-85735,371956,167027,-367930,-45795,-73816,-247081,475162,424161,-278820,1083,-217234,150245,84112,313887,26370,428521,245572,-163133,-338090,-430099,-119752,22375,-334358,-306831,-410388,-54581,-231490,-150283,-82784,260143,-373742,439033,-348460,-226285,421222,-171971,299080,488567,145274,215937,311868,292443,3918,-87419,-348112,216959,477090,152073,75812,-50077,-134794,470605,74136,117191,-251958,139665,229260,-189525,250590,-114987,-459776,111503,-323022,310873,261556,397811,-35962,484189,127848,421015,381722,422369,-36516,-366853,-358098,-419099,-332848,339743,76738,292137,473732,-199101,-93482,442349,425976,-483737,-106710,64753,-303892,-205109,235710,-108683,-110112,-418577,98450,-428359,-119212,-230637,499686,252605,98312,-94985,-386886,-265791,62460,263963,177678,-152955,87472,-107393,-92318,-344695,142500,-456861,499062,288333,11928,-394361,290890,-406639,498380,336171,362142,496277,-203968,-110897,317554,-455399,-490508,248563,-329274,365469,-96920,459543,-234918,165345,161884,-471045,-247890,359717,-412272,47711,207298,438313,-375420,-64381,315798,293165,456568,-31193,-259798,-266959,-226836,453259,-95490,-326027,-322208,103023,-95150,-25415,157012,54931,-182682,443261,-360184,291063,59066,258689,87548,-217253,-381106,263045,-391824,-157377,255138,-248055,-1116,211683,-93386,140109,-96744,70855,-260534,-15471,462604,-287189,-171170,-287467,-309120,291599,54258,-357095,219444,73459,-339578,368093,-439448,-79017,-462310,-490271,450076,106491,-56658,358117,-313648,443039,-231166,-225559,431044,12547,161750,69037,-414088,424615,-60758,-17935,-442004,-22261,-108290,-261259,-286624,290927,-329326,-406791,55252,472275,375206,134269,494088,51511,207610,457089,-267332,-208741,-287538,124613,-378768,-484417,-322718,-181687,235300,-414045,457654,-418739,-306536,-453113,-149558,152657,322956,108203,-482402,226517,408640,-455217,373746,482393,422580,-467213,-328378,-401443,-128792,-82601,-386150,296673,397276,-449605,-360274,-326043,341712,19295,-475646,-485143,-125308,44547,-484138,-79507,-48712,-375193,-427414,-2575,-14100,-435893,-406018,-414027,-73184,354223,50514,217081,415892,424915,197734,114685,-259512,-344137,-283206,-264767,130428,216091,190478,-488955,-152272,-414017,-495518,-365303,434916,-59229,-175690,-272179,423768,392583,92106,118801,373132,-397909,371230,145429,-123584,450255,383858,-407591,-429708,-472845,307654,482845,-251736,37847,224858,113633,82012,130811,392110,-454171,-486512,427871,4162,61289,-320636,-499517,-140842,-46099,-488648,-345945,202666,-225935,-111508,-382901,338174,-348555,288864,-171921,47698,-451399,-113708,404307,254694,404605,-375096,-352585,-196358,177345,326332,-161445,481678,163717,404016,-275201,249634,-450807,-403996,-224669,-106058,-431987,267224,164295,-309238,192721,198412,-102485,-307938,54101,-243200,-219121,303346,-327271,-263180,-363405,-189626,-86947,-100312,65943,-470502,403041,-105252,485627,-43218,-229275,-118768,-129505,331394,-162967,-448124,347139,62678,296237,-323016,284071,39402,494577,442476,-37301,-283650,129269,-216288,-480465,-236078,137081,403412,423891,374566,-359427,110152,410423,475578,-300543,-300420,90523,-211954,-428027,280368,-121537,-42014,-328311,326564,278307,-232842,-86259,81240,212423,-221366,235473,336844,-34965,-281442,-99691,-10496,255247,247730,387993,-343628,-229517,-136378,-165411,443048,223383,63258,458721,109084,344827,481774,301541,-65712,-349729,-372798,281129,-423804,108419,125270,-164627,-208264,139495,-110358,-27663,-474260,-176885,-217538,-41419,-216096,77743,97362,196089,134612,312403,496486,254205,-221240,-213897,413306,-455615,498044,-393829,-9330,316805,-490704,253503,24226,33673,-380316,81315,249206,255245,-120808,-145977,-418422,-11759,-148020,247403,-339298,132373,-437056,117647,-323278,-120487,-315084,222195,-307898,-409443,170216,-30825,-42470,103265,-144356,360251,-453266,372453,-189616,149919,-300862,-400151,210244,-138237,-37226,144621,-46408,-148249,190506,-129423,-32404,-298165,-324546,-37451,-22368,83247,360018,-45191,271828,-384365,-213274,493181,245384,-429129,183546,263425,-28100,125659,390990,262789,-331600,246847,240354,37449,299556,-465949,-91722,-175155,144024,-15865,-407798,-408047,-342516,56427,-13154,284565,-241600,-400753,463026,94105,206452,23155,451270,485917,398632,-405033,351194,259809,278748,433979,-225810,-463323,342672,242079,-240958,289897,-68028,276291,411286,-131219,470584,-171609,-41942,480433,-445140,-460085,-272130,129269,-161824,177583,488914,130553,-95660,-27373,226854,-316931,485320,-304393,189946,469633,-24836,-123493,-489522,128261,-178576,-256769,-367582,354633,-448668,-148829,368630,-123571,-386280,31239,-212342,261649,163852,-124885,-476834,-338475,-467264,-175985,-34318,-372903,-476108,14387,-118074,425053,-437272,-439273,-298342,-115999,-265828,19899,427630,-88539,-79024,279391,65858,254825,-414460,78723,-314602,407853,-333832,476071,212650,-113103,353068,-242997,397438,486069,319712,248751,10642,-467079,-136236,-302253,113894,377661,289544,308087,58298,177281,-359428,-59941,491918,280709,247280,1983,244834,302409,126308,143139,-383050,-153651,-40040,-175609,-386486,51409,-33396,-198357,247006,60693,-12800,139983,-120974,-251495,356020,341491,-205562,-163,-396824,415959,-425830,106721,-345188,428795,-58450,480933,-77872,306335,47810,340329,214596,-449981,-286250,19245,-345672,106343,281706,465265,-471188,-305333,133886,371189,28896,-101265,-238702,165689,232596,-134701,-112218,265533,-455288,333175,-188806,-70015,-294916,436827,201230,376005,-92560,-117953,-239070,152521,-178780,108643,284982,145869,420504,398407,326858,-276143,128460,346667,-98530,475925,-429440,215183,-296590,120793,-69388,-226573,303110,35101,186600,-389545,-265702,312993,163612,455099,-47826,320997,365200,142111,-286142,-149719,454340,353283,-286250,469741,-388424,209127,75178,345137,-162708,332043,-325122,-18123,-496736,-151121,-425518,196665,392212,-318701,-288154,82173,-330488,-42889,442746,98305,-410116,-47397,-28658,428805,-154960,-9601,133026,177289,-362460,282979,117494,-8819,-104744,-435705,334538,-218991,276428,-435989,-495586,-467435,52736,-32497,-60686,65945,190388,188147,428806,192797,-307544,-458665,-98662,-355231,355676,341051,343342,269477,-90608,-386337,-37950,-113111,248516,107139,271382,-108051,422328,408551,-180054,421681,-469588,257483,449534,159285,2272,352879,195922,-27143,112916,-268973,271654,-138499,165448,179831,-249926,-329727,-134660,-255973,104782,327941,-412944,484991,231650,-165559,-178780,360355,-464586,-99827,200536,-91577,-449654,-173103,-435252,395691,-138530,-317355,-377920,95311,39730,217689,-190092,-218125,420998,385245,362600,-290281,-168870,428833,346652,-450309,-451154,-147483,316496,-429601,-45566,-457047,464580,-151293,-210474,-318611,174776,216679,401578,-292367,38252,-180597,223678,100469,-333792,49007,484114,-324615,131284,-27501,338918,345469,-26808,-342537,11322,210753,496764,-420709,126542,163077,-307152,-106817,-17694,-51767,274276,-17053,-340362,418381,-90856,-486265,-471990,265553,293964,93483,206302,-313707,-184960,57039,133810,-185063,-271180,430579,54470,-41507,-261016,280599,-173606,-377695,-389028,-68229,401518,-404763,442512,-332257,-125822,-470039,-257468,-285117,-240554,213037,91768,365927,-356694,-479759,-112724,-61557,-491138,-198539,498848,-419025,-346030,-329479,-268012,-192045,-416474,-167619,-318776,306359,-60614,85761,174012,-232741,302222,-299259,-293968,-202241,117218,477385,-63004,-361245,171446,-488563,-375976,255239,272842,-132335,358028,441579,408286,-125867,-212224,316623,474290,486873,-82700,-118605,-385274,-344163,215656,143447,-361830,-276191,-33316,-224261,236462,-248155,-66480,-156961,-92862,-402583,-5756,71555,355990,-323539,249720,163111,481898,-343631,-396692,-168437,-319426,42677,-330656,-427665,-427182,272249,213140,360019,23974,335805,260168,79543,344698,-41791,380412,-61285,256590,16261,260912,-266241,-4126,296649,-214556,282147,-126538,310541,-353000,-122425,264714,330449,327436,-271957,-11362,-404203,-311488,133647,326578,-367527,406516,-21645,51526,237021,-287320,407383,-196710,18593,161116,-36997,140398,-331291,85584,40287,436098,173865,45188,-217661,244950,-173907,-241288,76583,455786,-206543,322284,183371,274494,496437,190880,-385617,-290670,-44999,79764,-110573,-415322,-28163,74440,27191,-323398,-401983,-100740,47515,328526,-88315,-246288,-282433,-431390,-296503,234916,130403,138358,-372595,-262888,482695,-283830,-343983,-264500,36331,-216482,-323243,244992,-93041,-420558,330393,-475852,375987,238790,226141,35368,-211817,399194,-134687,122140,183739,349614,-408603,-454640,-287969,-72958,496361,-182332,-171261,-20970,-346195,-467400,17127,379626,-196559,390700,100811,-195458,130741,179616,383215,-169774,-8391,-244204,256787,474726,51389,381640,411767,-70150,-107903,327868,102171,-278322,247173,276656,217599,-80670,59017,298916,-41821,230198,-228083,-133160,-485497,270922,-61103,-364596,164331,477406,167637,101632,-83185,-325774,2969,143604,-175821,215494,-418595,257000,-93545,-411558,323425,-327140,4795,119150,492069,361232,324319,271490,-494423,81348,-457341,-385642,-66387,-350280,-251737,464234,-490703,490028,230091,105470,-322187,-59808,82927,375890,-291591,93012,415315,254886,-293379,-85112,455543,68026,-401279,418364,493979,-101938,178821,107312,383231,101858,50313,70116,-158365,184054,-341683,-311528,-320249,-402806,302481,219340,140523,379166,364629,-171136,217807,-365902,442841,7924,-56013,-152634,-364323,325544,-370025,400346,156321,-140004,-411461,115758,365349,-127088,-173153,-330942,-176663,-18556,-457789,251414,492397,-171784,-373017,-397206,-340047,-486164,-436149,-406210,14133,99040,-203281,-411118,-27207,310868,167571,118694,168445,-120504,337847,329466,297985,452348,-208037,-227634,341765,362608,462271,30306,1225,64740,140259,-337418,231565,-398824,-299833,-488182,-339439,204492,420523,268894,-461547,-494720,-283633,427378,269529,161204,456819,-198266,-191011,-233560,-263977,-379494,43041,-217572,217083,55598,277093,415440,-151905,-445374,-63511,146180,-385981,-333802,345197,172984,-491097,-419286,-332175,-111700,367499,435198,341429,-295648,-490897,-481646,-499655,-26924,497427,269030,125885,286600,447287,-311558,-241407,-410436,-282533,-379698,95621,-388496,-481281,-428254,46089,-401500,-417373,-61834,391565,287448,217287,-99190,26001,-411572,232043,-261986,-354411,16128,-384241,-261582,-177191,495348,-231053,393158,-401635,493224,-371625,-330534,86881,120220,-9925,105326,-232539,-279280,-372385,-18302,195881,324228,444227,-40298,-468755,81144,-137561,154218,41137,-452884,-436021,304254,446005,-158624,-323921,440466,-420871,204244,-201069,-443738,130941,-165816,-163145,61370,-19199,208956,496091,173262,-114299,486384,50559,238690,-79223,-282204,-257437,-114570,461517,453080,-446905,399754,-249263,-332596,-346901,455518,-42347,-48960,73615,-428046,197337,-259916,-314957,-28858,-52195,131944,-455657,459098,-460767,232860,-64005,-11410,-399259,-438128,85535,-257854,391465,61764,-231165,409238,-399443,167928,114727,256618,-478607,-317844,-115061,-431938,288757,-439072,330671,348562,299833,-471788,192339,-309978,-21827,69384,-372489,64698,-191679,-319300,-408229,1358,-351675,482352,120895,370018,168009,252644,170275,-159242,-120371,-136488,459207,391690,56273,-26676,-229461,-338146,-202859,-44288,-314417,227378,304409,-216908,480115,147910,73117,337256,-34345,-80806,428641,322140,26107,-456082,68133,-216816,333407,135490,-192599,-199484,482691,-222890,363053,153080,-395545,85482,288817,85676,-477237,-331650,-159627,-106016,-210577,248210,-267079,-244396,299027,343974,246845,24776,187191,173882,-474559,-256004,-271269,329678,-323451,73136,68287,-300574,-90487,358628,-139869,160438,-28275,-329640,472199,-419062,-88559,279372,347307,166942,194453,-326208,415951,157490,95961,43380,153587,-67258,-447523,107816,31447,-315558,482657,-8612,-238341,-377170,-46235,-447088,-336417,372802,361769,-214524,89027,448918,-64467,-241608,-372697,-168790,-48975,461932,163915,341822,293109,-438496,-380177,96466,159225,-25196,-178029,-203802,-11971,148040,193719,175610,-375871,153404,498075,201102,-214011,-272016,-195201,388770,341769,-109852,440611,-164362,498573,-241896,-287289,-491318,289169,176780,-14229,242462,465685,-329280,467855,91762,131801,-300748,425459,-185658,394525,151336,-382889,-5990,47073,-214884,186363,-253266,216869,205904,-383649,200962,407337,284612,-298557,-496298,371053,-287112,379815,-423958,250225,-387348,220427,403134,-176715,-349216,-48017,-413422,-222599,-185772,-333613,-318938,1021,-367800,-438153,435258,484801,-78212,-250149,422478,-472379,353456,-214657,-143966,367561,128676,476131,252342,-75891,328920,-200889,-229686,-365167,-232052,472043,147870,24533,425728,386511,-320974,-463463,-488268,-238733,391622,186845,492520,-314601,-204518,372385,-460772,80251,-364370,276197,-227056,315295,372610,-219735,-24636,-108413,241494,-282707,-136904,169575,-135638,12337,337196,-358453,22334,-430219,-218016,363887,51282,357561,-365100,-105965,-280602,218493,-429368,-223305,-249222,208705,462908,427099,-465074,130821,-373328,226175,-23134,470025,-190044,419555,404406,80653,-113704,179463,-27062,-301103,479948,-245269,181854,-2859,417728,-403889,-191438,-316391,-179404,-99725,196038,-323107,-88728,281559,-154278,-284447,246812,-243717,9454,-68123,-489392,-276705,-231422,381225,-191612,99139,323670,-367955,-497352,-494361,491050,255601,-407892,-169589,-451458,468789,192544,267119,423122,40313,-93292,469971,-392346,417405,126408,-129673,90810,498881,289148,-146021,-150130,-129659,-412496,-119681,-305694,-124599,336740,313123,217206,-359731,336984,499399,-447222,203537,42060,364011,-19042,41877,479936,-79665,-362830,325465,194228,20339,49350,283421,76968,312791,60058,470497,184156,-353541,70190,-310171,236560,-43553,-355134,-245143,-120956,47491,101718,-337939,75064,177447,268394,-377679,146092,407499,210046,211765,-135200,-305041,-247726,-302663,-3308,354899,-430042,-100803,-45432,-259849,283322,-222399,478780,-399397,-19698,-474107,-442064,-208641,-331166,-177655,-274204,345955,98166,-426931,-474792,-362937,166602,-486319,407180,293803,-267106,128469,53760,-4849,-362382,41177,-223436,302707,66054,-127267,222696,88599,-12134,344737,-257636,-435077,44718,-355099,8272,119583,344834,347241,425220,212291,-311850,-49491,-379528,302183,161898,-485711,-190996,192459,-898,-289675,451936,472943,-142574,-100551,259860,-115821,390886,370877,-89528,-7305,34938,74369,-101188,367323,236302,-218683,-361744,-268289,227554,101833,-464476,348131,-436490,-364403,-166824,111367,-414966,248273,404236,135211,389150,215509,-297600,38351,-182990,-158503,-479628,-465101,-479738,351005,71976,-290857,-455014,-118879,-376292,471931,-334226,189413,-103088,405471,69634,-142743,-329276,458819,327446,48621,-378312,-262361,-358998,45489,-95316,473483,-323586,110837,422688,172207,5394,200249,-79468,-31085,-410714,-69827,-460664,-38601,-425414,-387263,102716,441755,-219570,249733,243504,-409601,294690,-399991,-210972,173091,349494,329741,-26920,164167,-180406,-257455,261196,327595,455774,46869,329088,-271921,438194,-318311,-151436,426291,-86394,-197795,189288,-49257,485850,-295071,-376100,-10949,227502,475941,-816,106975,-73406,-449751,-1148,13187,15958,-75795,154296,238887,275306,174897,390508,-359285,392318,308661,23520,-259793,-61486,-407431,410516,-25325,-328090,94397,-392568,-177673,-164486,-281343,-402884,498715,-312178,437765,463728,-462593,408930,-490423,330852,240227,81654,-468275,-345320,-275833,-364470,-236783,-299700,197611,19422,-82603,371776,-327473,-453966,-18215,-188172,118131,446214,-259427,-241112,98519,347418,225953,-116388,265275,-234450,196133,456592,98655,72770,-238871,15812,249347,120534,308717,426808,154151,-285718,-333135,346668,-210101,-122626,-422731,-229344,-221521,-114158,344249,-91372,-307693,280486,-105987,-470200,129015,70970,477057,-69380,452763,305038,75589,316272,-97793,43682,-388471,59748,274915,169974,-373171,-244776,-325881,303242,-181935,-340404,460715,-52706,26773,-114688,344015,-418382,57881,130996,273779,277382,466845,222888,115671,400986,-358047,19164,46075,-190546,312421,123344,-477409,294338,-494615,386948,23107,-350314,354605,220344,17319,-75350,398321,-53908,-93365,268734,-136139,-47136,412079,169170,-427975,-334508,32211,120934,-44035,456520,-291913,148154,-258367,-373700,80347,-168562,-62843,-137616,59647,-130334,-170167,461092,16291,-49674,-81267,-377384,-320825,-483830,-278575,427916,79659,142238,496085,145792,-403249,-286350,-244007,-309132,-170573,-168826,353693,110504,-450665,-18918,-286559,275356,117563,-347538,319013,118480,249503,-420606,375081,-492988,259331,186710,449517,260728,-78873,324970,-496143,-357396,-264117,-492738,142517,-369952,-432913,-216622,-360903,-162732,183955,-80986,131645,267592,-471177,188410,-470655,-432580,277659,-19890,214469,32176,-240769,90402,97993,70052,-429725,309430,476557,-256616,86599,310218,358737,23180,-137493,-293858,303125,-19904,246287,-89550,345369,-211596,224883,-242234,309213,-183128,-180969,-393446,380385,-320292,-352773,-463506,-71323,-78832,77279,-334910,-276183,5252,-181373,362774,-232979,-53064,252647,-84182,-310799,122028,267,250814,497461,-406048,-71761,-352366,475513,155732,-109677,-139546,438141,498120,438263,-113094,490113,-333956,-36837,-340146,484741,147952,105471,23906,273993,168164,124963,176566,448141,-162984,-450105,240010,-83503,-35956,125355,-228066,-461611,-78592,225167,89842,222425,-73804,-132749,339654,-254499,-251160,305367,-441830,-359263,184668,-182405,-252562,-185115,20560,-57121,-110654,-148375,-248636,54595,103574,-207507,-445704,-274841,-214550,186417,355500,296011,256382,448437,274464,-211729,95698,-281799,-410988,-440045,-190106,-182403,-470648,-126537,58810,-431295,-487236,60251,-101874,6917,110896,-424705,-127582,-46199,-189468,275235,-1674,-292467,106648,489223,493770,-255087,-340020,336171,-331426,394197,30848,362127,-95758,154777,55796,490675,-64186,315741,-453912,-129577,-347878,259809,1244,-85445,-273490,217189,71120,-182241,-238142,-165975,-377276,347587,267926,250541,389560,31527,-341334,111985,-476116,-136053,-392834,69813,488480,-369617,319570,-6023,370452,437011,268262,-327939,-363384,356983,-240198,-362047,-112772,-274597,238414,-115195,84720,-256833,-61022,5449,468580,1123,216758,-494515,38232,407175,-438134,-243247,-273780,495595,90718,-73963,229504,110607,-35662,460121,82676,-472141,-348730,-96739,-464664,-380457,410778,367521,60572,419963,-376466,334501,411536,96671,324994,443433,300612,111555,-70378,35501,204984,-448409,231658,409137,102508,-108149,445310,191221,224,-49489,146002,-326983,-429228,-120557,277414,315773,144200,-440201,-106054,-455423,-257796,168667,-321330,-319995,452528,-88833,214946,-308407,-493468,-332253,-115082,-407411,-368552,-365241,-83382,-452591,327692,-395093,-77154,-364331,340736,220751,108722,-200615,-35084,-206349,-124794,-304675,417960,211671,42650,394721,63388,494459,-171474,54501,51408,-419361,-333886,311849,167108,474435,216022,69805,-359496,-337113,-92630,221105,338092,-194805,-260354,110389,-437344,-66513,152082,191929,-326636,-53421,39782,390909,86344,65143,-86726,193473,419900,-473061,-497906,339333,140144,-115969,305314,-21623,103972,-236061,9526,-498419,-253544,-491065,339274,-429679,-298036,-492245,129886,-238187,-192000,388687,-491726,-74279,-281036,304435,99270,-89379,230952,406999,344282,-131423,-238052,314619,-281298,-383579,-308144,-186081,224386,-237847,-102204,352835,278998,-496979,-461832,140391,485418,204081,47340,-57077,353982,262389,13664,130031,-379630,-259975,174612,400787,376358,-251523,-183736,151351,262458,371393,-62532,-432485,258766,379653,-41936,104127,494946,87241,-242844,178019,185398,-178675,435160,58119,156746,-187567,-152500,199339,207710,378005,31552,-37233,-82446,225177,27444,-380877,-390842,-72291,-403864,415575,-320486,87585,-151140,-470597,-308818,186085,-98032,338719,-112382,-351191,-402236,68291,468118,-289747,154424,141415,232362,-46031,-187348,-494005,479166,222773,-333984,282543,460754,-196871,238420,235283,-17370,-348355,-158584,435255,-186822,-497919,324604,319515,-284466,-474619,318064,333183,-440286,-265783,124708,158499,-319306,337741,26584,179271,-161590,147409,-493620,-437781,-409058,-108523,97408,309903,-362190,130969,-223052,-353549,166022,226973,-442776,169431,476250,-405471,457116,-269317,252398,-454747,376976,267743,-44030,478889,196996,211267,-319978,-479571,477304,37159,-99030,-339471,-168148,263947,160574,-286987,-211040,428911,133394,-449607,-281196,-388205,378470,27389,-381112,-13833,233530,-464639,316284,428379,460174,481925,-215248,-334913,488546,163401,-9372,466211,-170378,-246771,194776,-186361,59146,-67759,-35188,362795,-335266,473301,-382272,-302513,5426,23001,448116,493107,-159866,394909,243816,-109993,481690,-69087,-59108,462459,287662,166117,488720,133535,53570,-276439,383300,17987,313622,-400723,449912,-359769,212906,-132111,308652,-320117,-343170,384053,-81120,346799,98258,-81799,45844,334739,-125530,-48835,158472,356791,-377414,318657,-221252,142299,-208370,229061,110064,-441857,47778,-356663,298980,54371,48054,-432115,454552,225735,419274,-163759,231244,382123,-239778,-487915,302720,-33393,-289230,-458727,45684,-304269,305222,-311203,-113880,-218537,-214502,92769,-386020,403899,12... 677608 more chars
